12293350	Suquty	28	5	1960	5075153
26748978	Szvoqw	14	10	1990	6166430
29677668	Sypsuk	12	12	1996	6179787
40060566	Xonxr	22	5	1971	2203165
22366152	Wokrfx	7	1	1994	2211083
41783551	Ijgpqcmv	22	2	1999	3570150
13596493	Jczghnc	3	3	1966	3992230
35874565	Fppbr	8	3	1989	5401458
25886401	Eesnchq	2	7	1995	2973121
16107860	Bykgsec	6	11	1997	4045331
18444851	Ehcwr	2	8	1993	5067749
13969991	Uaynjej	23	6	1983	4819367
35232589	Wzjizwhi	8	11	1968	3582605
43083255	Sgmgb	25	8	1986	6748357
18806673	Psnptppo	7	11	1987	6697343
21595089	Uulicse	11	6	1966	5479993
43366815	Iwfiid	21	2	1966	7595907
34814982	Nqvsun	17	3	1979	4205360
13532762	Eonllg	11	1	1993	2930001
16525834	Roino	18	6	1961	7459802
37559673	Ujrqq	28	10	1995	9991918
37450917	Btqis	25	5	1987	7390512
11729082	Msfeb	18	10	1998	448050
25425113	Nlcuqtca	13	2	1997	9724379
29342488	Pgyqqcbu	18	3	2000	4206799
25705820	Xabtq	15	1	1969	2260954
42310896	Gotphfs	20	8	1967	3640515
40613266	Hilzuw	23	3	1973	1772816
38832532	Kdjap	19	1	2001	3600719
11984342	Ofiagt	24	9	1993	1529914
36887577	Jbakjd	2	4	1975	9047637
16954294	Fjqan	10	11	1999	3680721
37272707	Dmwolmla	8	4	1993	710336
44093993	Orwhs	5	5	1961	1105149
42040526	Wufmg	24	12	1981	9051366
20092916	Yopvywy	26	4	1972	6559372
27202844	Gaqqqst	11	12	1989	3683016
33785780	Fzmvoch	9	2	1973	6947892
40988674	Fcfqoli	27	10	1969	1835049
22335846	Wnpov	7	2	1990	3277745
42258587	Ktofzn	20	12	1991	3889657
17647044	Qheyj	8	10	1991	3019486
26964612	Rtspmltn	6	3	1993	1881718
38549743	Wzhnf	17	6	2001	9120860
25161208	Hhuloed	28	1	1987	4696714
18914700	Ymzwz	13	5	1963	3320710
13283971	Gmfbxe	27	10	1972	2975594
37610975	Ebqzrfuf	19	10	1975	3052530
35700610	Pzlbfjg	16	3	1964	9617840
12609807	Ctqyqlia	24	5	1979	6893760
40920977	Opncxiho	27	5	1970	997801
25865088	Xwnaqc	26	6	1960	8301668
35445265	Wouqzj	9	10	1975	9406301
33309388	Zsuhu	8	9	1982	9896140
25102967	Pvlbuqkp	20	5	1961	9324556
35992972	Ujwuqo	14	3	1983	9830057
41739505	Irsdfwz	27	11	1994	5654231
21422667	Nzizp	1	10	1961	5094644
27413704	Xtiwcthl	4	6	1960	7164258
40136371	Neyuy	14	10	1984	2850749
27747835	Ofyzd	8	2	1967	8185480
22959828	Mcwcoce	1	2	1971	4735971
26011563	Kvgozcfl	24	4	2000	5127460
22096913	Mfxnb	5	9	1986	8498086
42188236	Vrkgjhru	15	2	1973	29609
29120039	Edasuxp	6	8	1967	8054342
18701184	Tgsfzi	22	1	1977	8215836
17531713	Mhtvi	20	3	1975	3412918
22375912	Bxbbgtb	7	6	1965	5481600
19525228	Nxirudhi	24	3	1991	6042299
39850373	Kmpwkc	7	1	1972	9065690
20710567	Njptim	2	3	2001	4134901
22962829	Ofbtwsi	13	5	1974	7272421
36181430	Wdehvp	12	5	1971	8303831
42000728	Sxgoq	12	11	1965	407662
20901694	Fmdpo	24	2	2000	6458629
38985690	Wiwye	23	12	1966	2995158
23447847	Cuucw	21	12	1994	6270869
38673502	Zdurawnd	24	4	1997	2097986
39058036	Xsgcfwz	24	12	1979	3298365
38086632	Mkbvfbbk	21	2	1980	7917705
13702289	Qnvdp	27	3	1966	166931
34096007	Syzdfi	11	3	1974	5514798
34717794	Uretnz	17	9	1973	1196072
19566968	Vcitwi	23	5	1975	1032745
37086844	Cgoud	17	9	1963	4645916
34868863	Jlfqfl	27	5	1973	6938504
16593086	Vzqja	21	4	1978	3579754
40998455	Bgkupsk	6	5	1985	7300345
40689253	Irpzksm	12	12	1979	4541329
37798254	Nsieh	1	7	1975	5195367
24128038	Uirxnuf	11	2	1972	6970200
22599044	Darlrt	23	12	2001	959920
26887397	Sfisiydh	24	5	1963	109203
29524166	Xgcsf	16	5	1969	8263256
19428989	Jstpv	19	3	1968	2154825
33668654	Pquiobhz	27	8	1996	7659394
32387563	Ohwyjqjc	11	3	1970	3694269
34417889	Zvuifnj	13	12	1996	9852097
21048837	Xhsgydby	10	5	1972	8650534
13008256	Ghocfjhh	3	11	1982	5517418
15359616	Ejaybs	16	10	1987	9504118
21497662	Gajmnme	8	7	1966	3491362
37166874	Upnfwskz	25	7	2000	3589329
22778184	Vraqqu	27	9	1971	9538026
32108032	Jkwqg	1	3	1966	1079497
14092490	Avgygun	11	2	1966	6598455
37851988	Pnsavgi	17	7	1981	6472661
44250376	Dgydf	20	4	1988	4610171
38185800	Ksxtonek	17	4	1963	7350857
21152996	Fwtlai	17	12	1963	5587157
19378909	Lyynxbsi	5	2	1974	5828755
44426602	Bgkxdn	18	11	1997	8464571
28435610	Gnuypi	15	2	1982	2340846
26218342	Baayce	15	2	1978	9442440
44410912	Jfksubb	3	1	1988	6105439
18466085	Onabw	15	1	1993	3480868
29379177	Drvsiju	15	7	1978	4011980
24772373	Yjmejbrk	23	5	1996	6625278
28129526	Ckxoerh	6	2	1969	3561775
36928367	Rcscvcbh	15	1	1998	4415184
21408484	Wsgzbvg	7	2	1984	8813166
18484275	Tpgfvoj	23	4	1963	3100363
12589174	Ovbjad	25	10	1984	4905712
39194583	Gykrzd	7	8	1974	4331397
34451763	Hcwyckqy	27	6	1976	4482550
16065806	Ttjzbck	28	7	1986	9794702
15481518	Iclfacun	26	4	1999	6815979
17418262	Vivoyngo	13	3	1975	3736424
31472070	Wpgyybsw	14	4	1975	3342273
22813416	Fnkhwgn	19	9	1962	296242
31833090	Bqfvqn	26	8	1973	35830
44043963	Sdavn	6	8	1966	296870
41178335	Ybnjjfxf	26	5	1960	3357111
19368852	Htvloi	15	6	1984	7537499
14818508	Newkmamr	11	10	1965	1392160
29474173	Lubjcu	22	7	1962	4424230
37344019	Solkmt	8	11	1977	7330947
22364416	Nzwpxsqr	25	2	1999	7009677
23047942	Fitgckq	21	7	1998	2169860
43174067	Gxrbrm	16	7	1965	9364270
17220047	Rvcviq	22	1	1972	1061273
42515006	Dqxxd	12	12	1975	9434131
25793628	Gfbggusn	11	7	1984	7633693
30972574	Nfhmxzhy	16	11	1962	5483753
33332372	Jzvsxph	19	4	1975	5170852
19356752	Poopwij	7	2	1987	8985591
12220445	Mwqffrdi	22	5	1990	8614844
39543028	Agzyy	19	5	1988	3762637
43909314	Hfido	10	12	1988	4433764
31900931	Kbevc	8	11	1967	8375737
35294469	Adzfty	11	2	1972	4896460
33005323	Xlvfebve	12	5	1994	2408076
40929560	Tocvf	5	7	1968	9137047
17537277	Dpziji	27	5	1966	1892021
23392961	Hqdao	17	12	1972	7595272
21407254	Zvzlhniu	16	8	1963	8157597
26118047	Vbbwxtot	8	1	1967	684665
15193872	Azxjbqd	14	5	1997	6404108
39080124	Vvqzvr	6	9	1982	8770006
24881811	Wlcoygf	11	4	1967	5609076
35810185	Svsjsegb	26	2	1999	6281559
13607672	Jyibcm	14	6	1968	582531
42817576	Lklmfgx	7	1	1995	4797351
21695254	Vevqhdx	25	11	1995	4478656
44356793	Cgggqq	12	4	1982	8309595
31122824	Lrsvhola	7	5	1973	6762530
39036307	Xaospamd	23	8	1960	8188075
17932277	Voeiffim	6	1	1986	2922137
43978814	Zbyolstj	20	10	1970	5968070
42690812	Vcvliqcr	7	12	1979	6216235
30581419	Knchangt	20	6	1976	4867916
14198357	Njcqgnqc	7	3	1999	3591429
40152706	Fzcudioe	21	12	1984	4433191
29468679	Cjbwnp	23	11	1997	8392214
22848588	Bsixirqb	26	9	1974	5909964
22845454	Urqdbvzn	21	11	1964	983161
38564071	Hzcglc	15	10	1996	7970855
32208154	Xmeqamnt	18	2	1968	7744243
37688229	Nhzlv	7	11	1974	6549037
42475632	Qdhge	24	11	1980	1235549
11677033	Mcvqpb	19	4	1992	3054301
26513436	Ygvkz	12	1	1979	8394315
19116125	Aifnlhjh	19	7	1984	9264475
41512419	Qqurj	5	5	1986	2145929
20041829	Zkwcbo	19	2	1963	9295061
21283314	Jfakauk	12	4	1998	7868649
38100000	Ttmbrh	4	12	1982	1084453
39973656	Mqyyv	24	9	1996	2764661
18981330	Mtiwuw	19	6	1986	549541
22249613	Tealqeka	3	2	1998	8128495
16185562	Mnbcym	2	4	1965	3073400
21954446	Lcwrgl	25	11	1966	7766202
37441962	Krwgj	6	11	1981	6945226
21988379	Kjncw	19	7	1961	7271910
14416374	Fhdlxmyg	10	9	1990	6698623
13107199	Gvxxlut	28	9	1990	3137006
34392063	Igqtb	9	10	1994	5755771
14742170	Ykolar	12	9	1979	8571195
19410565	Vdhhmwo	11	2	1968	1361306
42209484	Ayrjgla	21	12	1985	676406
18912470	Haiqfmtk	1	8	1993	169516
22512639	Ysvcg	18	6	1972	7309686
36786137	Ikfcq	15	3	1962	1861892
40259864	Omzre	17	9	1975	8657901
22632779	Xaadnv	17	11	1989	3013872
29161805	Hboijbpy	5	1	1979	6512504
22087952	Cmwpjxz	10	12	1967	842430
28359688	Amiegn	6	12	1985	6247053
19589266	Ihktko	10	10	1977	2255831
15230228	Ayqiq	4	5	1970	8401892
13253647	Evxfdd	4	12	1995	5988968
20415283	Cppnqss	17	3	1974	3286218
14320238	Ixjmgamf	3	11	1998	5200596
22828213	Ghghkuw	1	9	1962	6109246
35800785	Nmadm	23	11	1969	2439445
36392296	Npuwnsr	28	4	1980	343915
21166650	Yyhlw	5	4	1996	5259675
27314806	Jbtkslal	16	9	1989	8120193
11683242	Zajpma	3	2	1964	915234
30255332	Niblqb	3	6	1964	4684856
43138882	Hvmpte	11	2	1971	4666225
24394324	Dgblgpzq	24	3	2001	6680520
23050075	Cqspx	1	1	1964	3414963
32818319	Okxsmg	28	12	1998	5270212
23591706	Aemnilb	24	10	1970	6780040
13582771	Srokcv	26	5	1998	7702551
17753846	Bjzaslot	18	1	1978	3993525
28112152	Thvtgsv	1	1	1983	4143827
29816744	Vlptkhl	11	1	1963	8237163
14081289	Vicjg	5	11	1974	1686237
32256723	Pnmfx	10	6	1984	1615788
31002469	Waibcb	11	8	1968	9962545
32804594	Lnyshgr	14	7	1994	252082
30386366	Wgmsqfyf	8	1	1961	380371
17858794	Bzolpnbw	20	12	1985	1313245
22843255	Milat	5	4	1993	8905236
40894983	Osgilwrc	5	11	1981	9740265
24215471	Luyom	4	7	1996	4547299
14604951	Xahauac	19	11	1994	7925805
38983018	Ndyaep	18	5	1962	5716571
33477608	Jgkubx	8	2	1978	8313080
39295654	Jjwki	15	8	1971	9685925
24984075	Hemswm	16	7	1979	6320065
33202981	Lrwvynsc	13	4	1984	9623027
37769915	Tboyk	12	12	2000	651953
31965586	Okqxh	11	9	1977	9228079
14152958	Srstgi	24	1	1984	5225986
41022126	Cmangg	16	10	1985	2448615
20388352	Tcfdx	24	7	1996	6669154
