22039814	Bsxfv	11	5	1974	8791809
15654844	Kjwrylw	8	2	1982	2306749
24834137	Nplja	22	3	1963	645425
20993013	Cxlwdrs	16	11	1992	8578238
40575415	Dyznff	15	12	1972	3770147
17757647	Fbhcyirb	22	2	1960	9946690
44138487	Durnte	20	4	1963	777498
37910174	Rvudgngq	5	8	1977	4349703
43656547	Lvjdy	28	7	1963	7934155
35050128	Gqanryfi	7	6	1995	3023172
31816051	Xtjzvj	7	7	1973	9872394
41242629	Xdvdtbbx	13	11	1968	1263850
28017446	Rdsyi	15	10	1969	4478510
18451037	Eziag	9	1	1985	7512927
44382471	Cctugs	14	8	1982	2288274
26517084	Edukr	12	2	1990	6910949
31656789	Zbswepe	15	10	1987	1207550
32873391	Qngat	25	9	2000	6566369
37908646	Emxkfpgk	24	2	1963	7366917
28792188	Wzjssn	2	6	1967	2013753
15912576	Dzvya	28	4	1983	9948925
34419189	Sheksumc	22	9	1967	4639891
40364214	Hyhck	9	9	1970	791009
27155645	Hxdcmzw	17	4	1985	4057641
29484370	Drscjk	27	7	2000	6327113
36783251	Alpkanfr	3	2	1996	3603584
11364269	Iiwprvke	22	9	1984	6102236
40530367	Ruphjbm	15	4	1967	2809007
14012323	Eaeuicbq	18	8	1974	9416124
42207131	Qrvvkqod	9	7	1984	54500
42564180	Vbrip	19	7	1965	6025844
42643267	Gvaydgj	12	6	1989	8193786
25822776	Jlqttpfi	4	3	1976	5534915
43409217	Bhdrcx	16	11	1993	5233921
17580165	Dgpndl	18	4	1977	1590898
12232460	Uztykp	18	5	1967	2148769
11448844	Dasova	18	2	1983	5881593
21321773	Zqczyrp	6	3	1974	2576049
14346966	Emfxvzc	7	6	1968	953114
34431545	Bknyfv	20	10	1967	7618757
27324384	Rnpvxz	22	8	1976	1916339
29258543	Ltqft	9	5	1960	2682016
40437357	Eridl	12	5	1978	7188730
35295836	Flmkng	10	1	1987	2941619
39715712	Cmfmawj	14	5	1983	3308099
24212568	Evifatv	20	12	1975	1773624
35454901	Jesffxjo	17	8	1970	9416973
23981644	Ogvudc	7	12	1976	9880782
39295995	Rakscat	19	1	1967	7754317
17736914	Ibpafc	8	8	1967	4545065
25868166	Ebqdwus	10	7	1974	3194775
16435625	Wffsmfm	18	6	1988	528217
31431337	Xxobj	17	12	1983	5339602
43080653	Cfkbvuc	21	6	1966	6535867
39884292	Crgzocjp	15	12	1983	8085543
37417385	Ntfhagcf	8	10	1977	7811438
33755385	Peuoam	5	9	1973	9947530
11744302	Lnahvgb	8	2	2001	2520523
39157128	Qzsklot	13	10	1970	3631177
16883196	Ahjhkfhp	20	7	1967	26074
43394601	Dkmixyx	13	7	1979	2675296
39924403	Lzugqc	23	6	1991	8872843
38237282	Oobxk	15	5	1980	3993843
12268798	Axlgci	23	12	1961	5540560
36565696	Axinxer	28	7	1987	7815651
39809421	Jndywjbf	28	6	1974	1937361
39669217	Szzua	8	7	1979	68669
13539902	Zitbmrd	17	11	1971	8023956
33490445	Zesup	13	12	1974	473924
26697977	Nowup	24	5	1982	458810
43075940	Jienu	7	8	2001	4256512
22798118	Hpvoswoc	19	6	1996	2233596
12961145	Xjaaxhqa	24	2	1977	6419837
14210964	Qtbbeso	8	12	1960	1146043
28166797	Yiweccpa	25	7	2000	5358982
13592977	Rusecuyj	26	5	1994	624358
22503879	Jkzxjir	20	12	1999	3181973
28989314	Mwecncb	17	7	1970	8647896
11988342	Tpkmj	1	10	1970	5114863
25939749	Petzh	24	10	1995	5515026
20325051	Itiizh	22	1	1967	1323534
40601982	Qchmph	22	3	1964	4362020
30408363	Bibirm	1	6	1979	6906726
14624239	Rbbmm	15	4	1978	1695384
28368196	Lzjeouaf	2	2	1971	9622664
32528464	Fiscke	18	12	1986	3016788
28775239	Gtpedw	24	11	1967	3279238
21779346	Islmbn	26	2	1977	2390896
12439966	Ejtivwj	2	8	1973	4742822
20096856	Qakdtbda	11	8	1989	7447685
16072496	Yklvb	21	6	1985	7799300
14822396	Mhzgr	5	3	1966	8330695
17574850	Myqfxe	6	9	1961	5956593
34129388	Yqfmk	16	3	1971	2569174
20812653	Qtdtrlm	17	4	1991	6546930
41625350	Mwugk	2	1	1997	3514014
22913879	Tmrvpqy	6	3	1973	9277226
26192621	Tngoaj	6	7	1990	7211450
21210350	Nywfftj	11	5	1965	2058373
36732163	Rrvlsegk	1	11	1997	7911180
28002499	Wdewtjhw	19	1	1960	9740087
30494628	Ojhhm	25	1	1988	3979800
15681790	Abdscyk	21	11	1976	2434115
19652311	Gjkcat	13	9	1984	6941894
22934234	Rphqvht	1	11	1968	3335130
16603269	Dcpgsev	3	1	1996	1142515
27484584	Yqshzjt	1	7	1975	1157003
14357584	Amgkg	2	3	2000	4480738
32290715	Vwnnpn	21	3	1965	8917398
31909122	Cpfzkd	1	9	1980	1576215
34401695	Bwqqbg	28	3	1960	8850721
37483373	Dflaqyzd	14	5	1998	8038412
12364247	Bvlxiidm	6	9	1996	1222741
15043360	Wkblubde	19	12	1965	5560177
17464212	Oyyvpzl	5	10	1965	5528924
26484706	Zasenv	3	3	1963	3260043
27632483	Ayqeltud	17	11	1971	7879835
11949044	Oltqy	25	4	1963	7868739
16170297	Yqtcinpl	24	8	1962	7894903
43863963	Iuikmt	27	2	2000	6850147
33373664	Mjqrxd	14	3	1987	1365056
12397743	Bjrie	27	1	1986	7696794
20578256	Oarhk	1	9	1988	545868
25274213	Wfves	26	4	1992	6884731
18909325	Tecbpy	1	8	1961	7082386
16932021	Urfvcfz	14	12	1986	3895402
21647762	Lafejap	10	5	1990	5173412
17602303	Isqlkd	25	5	1972	4878079
27153487	Costt	19	10	1993	6069044
13211390	Xlrspmey	20	8	1991	7764451
19458102	Vfglbfo	21	1	1966	4475695
40435254	Octktju	24	12	1990	4505821
21096255	Youll	22	6	1999	2122181
25428775	Novjbj	15	4	1989	8856348
29370570	Wgaklzon	23	2	1963	834886
44250679	Zrrkqkq	7	1	1967	5265793
25793749	Uefpbps	23	3	1978	3721762
11856966	Zytfmtj	3	9	1995	5910849
20612524	Gftfv	25	1	1967	9182388
21694846	Pamhelg	9	5	1988	7331578
35346459	Msubsxjp	9	10	1978	5016795
13654732	Zmautpd	20	6	1971	807176
41474940	Hhxokmg	11	2	1964	9348502
26073961	Azffbucl	18	10	1975	8860499
43934277	Ddgnzv	18	10	1972	4226279
19265512	Avqmj	3	5	1990	6368921
16530185	Lfhvvy	14	7	1988	4315254
22894375	Yxpyq	12	3	1988	8003962
42963137	Agvelhog	14	3	1988	9847808
20382300	Suuvxopr	26	5	1983	7582775
15718527	Skmrhf	15	7	1960	7690788
12995689	Gewto	26	5	1970	6417121
31792814	Kxkkcjlq	19	2	1995	9257546
13230801	Rrbel	22	1	1991	6671825
24894041	Kdvqlxbs	1	8	1991	8999423
37659520	Lodjc	9	4	1993	706764
28860235	Gbfwjc	7	12	2001	2858011
18780242	Pggufbbg	22	4	1991	2428341
17750076	Xpcezb	9	5	1966	8203246
39614791	Wnnxudy	27	2	1965	8273713
28566341	Azhlziz	19	6	1990	6508314
40233945	Veiocl	26	5	1977	5637901
35623351	Wphgsg	22	8	1965	2486308
13474737	Aemxfduw	2	12	1996	7996601
32626624	Pkpri	13	7	1984	5310984
35871254	Rtmxhr	2	2	1972	6157961
42422315	Yehuw	24	6	1990	4833912
30928032	Djzmy	18	6	1976	6286563
35958692	Fjhzthvs	11	12	1963	4411989
30042143	Nqrtb	1	3	1994	6316856
19410539	Nfclug	9	3	1994	3607965
41633119	Mcexuged	26	6	1999	8946136
43946822	Vpsaztb	13	6	1963	7104807
19647493	Ougtede	23	9	1996	1146465
25423999	Pcpwhf	14	12	1984	7318623
26942530	Vellqc	6	7	1988	4184134
23199557	Ruuvazs	18	7	1976	2711898
42564802	Vvmupdb	22	11	1992	9430948
35714693	Juxxx	2	9	1998	1954193
27350335	Lyqawgz	26	6	1984	392193
20416274	Schiyua	24	1	1987	9226710
42197942	Smffyki	2	2	1986	5230030
11873971	Xubguam	7	3	1994	7830747
25425414	Zmpois	3	2	1985	5075694
33992729	Hqyqplt	9	1	1965	2230527
37608940	Vxlmmqlt	27	12	1995	4463308
29909013	Iytbhjzd	11	7	1983	5898707
23833156	Azhgv	21	6	1993	6549658
34177276	Dgnsrcfa	4	12	1975	2881698
13983665	Ywsoxx	25	4	1976	6328031
43249182	Rqvwahb	26	6	1964	4412611
24791184	Rjogcu	20	3	1973	3698376
40465001	Stugp	24	11	1991	26313
28164317	Ogxcg	5	7	1974	4240053
21601254	Wniahw	8	6	1971	2668778
42396874	Dngrvgoq	19	12	1993	3497681
44121487	Flaualk	10	4	1970	9142084
30117103	Omngh	8	2	1964	5692220
44020739	Mcwrfnt	28	1	1963	1694292
39240021	Lgmslf	1	10	1971	6869252
28451256	Esmcw	4	2	1978	5446048
14807088	Ytdunyo	14	11	1986	723539
36014764	Bkqjzskk	10	6	1962	8218335
19333810	Xzbkx	11	4	1997	9774380
21071376	Kvsfro	3	12	1978	2872114
26923709	Lmvsnggc	28	4	1961	3861133
28118787	Vejtx	12	5	2000	4845897
41014843	Ssyzw	23	8	1988	5091345
20997348	Xrurs	6	6	1969	7902432
22344266	Shxprkbc	22	12	1998	9991935
22131426	Ndclls	1	7	1973	831634
34182874	Zsdog	3	5	1981	8514735
32437051	Bdfqkn	27	2	1988	4422317
15331017	Kiujq	20	4	2001	8320682
40617474	Rjyft	23	8	1994	6869778
33761949	Bhfbpzjx	1	7	1964	3078621
12869664	Ftsunq	7	5	1980	582091
20142637	Lfjbpl	21	1	1981	4987021
16542946	Oipxw	4	1	1962	9070127
44368199	Hxaea	24	5	1994	1467755
37937735	Eeozyrp	1	9	2000	5784014
16546850	Sbinj	28	3	1982	2933625
41855908	Hphrf	3	9	1960	7548384
42534005	Pixekl	25	4	1973	4971364
36312905	Iznwldpq	12	4	1972	8504413
22769741	Juqhoktp	18	12	1986	1694645
31057147	Tapujhi	20	9	1970	2271769
40030568	Efeabv	1	7	1963	6597265
12486698	Yojjng	9	7	1994	9733947
24421384	Qmcbfcj	2	9	1969	4410681
24109178	Lpipfojo	24	1	1990	9549084
22651084	Eyijj	23	7	1981	5679323
36374043	Yzhzgc	4	12	1998	5906244
33031214	Ypkbcrmj	3	11	1999	3716879
14872840	Jcpylaoq	24	7	1963	5725654
31020484	Xzlpjzj	22	12	1991	4293986
38555132	Cwnbxw	25	3	1960	3882169
43787949	Ejitvzn	3	7	1991	1286478
24929445	Jdadd	24	7	1985	9116885
16964805	Unestr	17	8	1979	4195739
34438329	Pacux	21	7	1987	7258373
14336927	Rtvcwomo	21	3	1983	4088327
21314463	Ujxeoyyi	16	1	1965	574904
12543756	Pjnbgwhy	26	7	1990	354840
43659724	Wklpuzcj	19	6	1967	1364409
35855245	Ovzvn	25	9	1975	6799849
28587006	Enwmil	15	12	1963	3606471
16138061	Pgbnmtb	25	2	1964	7090275
35829996	Cxncfps	26	6	1974	4540503
18266499	Xardrf	2	3	1979	5465330
26228585	Kqqrb	10	10	1965	3810710
36359774	Oxwtlrcy	17	4	1984	4186401
11442743	Elnrwcjb	20	1	2001	748834
19312234	Jqcnomsg	23	6	1985	5443385
23684440	Pcpfqmcx	9	6	1981	6530262
17110547	Xwujl	20	12	2000	2060195
12840341	Wmsqbbi	21	9	1969	6074273
25317762	Tthbiq	1	11	1973	7891625
13359969	Ygcrrwx	16	5	1964	69425
24229788	Hjfylr	17	6	1960	9190692
33523667	Lrobyfrq	20	5	1994	2052445
13160305	Csxkit	25	10	1961	2598643
37922779	Zcmmrilg	23	3	1973	4995712
24135225	Xtowoa	25	5	1974	8682008
29359517	Pxncpig	28	4	1984	1498856
18246172	Stvhdkk	1	6	1978	1316402
19147712	Eudntqy	3	9	1981	7006427
34668674	Pgkps	18	5	1966	431171
18979598	Bfmeo	5	6	1977	8391685
26042156	Pwuvng	18	10	1970	1236725
30657304	Ndqvsn	26	1	1988	5661869
13610293	Mdunpbh	25	2	1977	8286739
29454488	Uccnhzxm	20	2	1961	9389192
21442010	Tylywuih	11	6	1965	1596867
17871240	Vjzhbav	13	10	1980	3867227
30290430	Ewbtphhk	26	9	1980	9599154
36537682	Mrpkduc	22	4	1965	7394152
40159773	Hldyohqi	13	5	1990	5417873
40126459	Xurmih	16	3	1991	2099459
14184770	Gbgoyasa	10	12	1993	7547949
42462254	Rddjx	24	4	1996	6653707
43213411	Qkosrrx	25	4	1981	5613800
14334441	Xsvwol	28	12	1983	6699640
16845093	Kkiga	26	5	1971	9280779
21014763	Phrhx	25	8	1966	5720673
12695103	Geakhfzs	3	9	1976	2974851
30085555	Hqhpevz	4	2	1988	5526906
41507500	Eaxnp	11	11	1979	1314544
18282536	Pfhffwt	1	2	2001	2886049
20070365	Jkfhvci	24	5	1960	8637380
33814273	Euysv	14	5	1988	9485990
