6825
5706
8313
5648
7960
7306
6865
8054
6460
7907
8913
9027
6601
7548
5294
5565
8716
8032
5640
5925
5082
8316
5726
7539
6204
7665
8178
6353
5407
6338
7872
7646
7035
5889
9454
5280
6664
7377
9265
6152
6128
5727
6739
8239
9215
9221
6504
9419
9031
8172
9086
9340
8392
5830
7231
8310
9781
5775
9244
5296
8929
5512
7648
5122
5036
6268
6993
5712
7895
5014
8702
6339
8568
9288
9597
9155
6577
7287
8125
6784
6162
8560
7122
7036
7053
8332
9055
6205
8458
6145
5300
5889
7934
8969
7024
5617
7880
6618
8204
7947
7228
5792
6525
9018
9270
7748
5773
8904
6034
7876
6733
7494
7451
7460
8935
5370
8190
5612
7870
6504
7014
5789
7054
6750
9514
7813
8206
9399
7265
8981
6276
9759
8884
5178
9356
5370
7035
7905
7566
9106
7560
5151
5172
5583
9212
7607
8239
5474
5035
6654
7227
7268
8549
6700
5934
6440
8539
9575
9304
6458
9342
6174
6640
6854
6601
6775
8411
7273
7905
8565
8135
5286
7846
8565
8745
6863
5618
6472
7338
6908
9374
7732
9364
5611
6754
8808
6211
7185
9045
7917
6632
7261
8401
6109
9564
6387
8311
8119
8782
7438
8996
5966
7370
6271
8320
6942
9223
9784
7756
8871
5823
7067
7238
7397
6884
6610
6610
6030
5100
7594
5564
6226
8029
9788
6934
5875
6685
6737
8802
7358
8352
7300
7490
9701
7712
8409
5363
8094
7092
9613
9386
6227
9229
5174
7094
9365
5023
6005
9026
7954
9577
7282
8019
6189
6874
7770
7737
7382
9138
7445
5257
7486
5983
5398
5519
8324
9378
7338
9485
8275
6248
8317
8738
5287
8008
9137
6798
7856
7695
7369
5852
5681
7512
5848
7582
6070
9081
6301
7827
9742
5672
7782
8757
9447
9356
6900
5245
8832
9455
8571
9788
7486
6320
5751
6706
6261
8345
7732
7981
7538
5973
9682
9488
6769
6594
9377
9775
5135
7617
9250
9043
8077
9312
9544
7604
8266
9360
9092
5732
6109
8893
7766
8202
8924
7382
8167
9162
6761
8942
6321
7526
6349
8121
5289
8769
5791
8095
6988
7854
9780
6926
5110
6215
5206
9328
6711
7975
6576
7948
8241
6701
9053
7001
6873
8445
8007
6481
5564
9188
8228
5216
8014
5993
6296
6724
7695
9757
9023
5775
6814
5172
7373
6238
5752
8983
8784
6552
7996
9396
5671
5192
7586
8614
5702
9420
8273
9148
6248
6645
5762
9111
7531
7600
9427
9564
8713
8917
9720
8283
6634
6754
8753
5802
6134
8070
9128
7815
6249
7690
9462
6456
8285
5969
8517
8036
7431
9200
5292
6676
8251
8347
8509
7378
5013
7503
7441
9573
6612
5988
5271
9667
6633
9514
7762
8717
6240
6785
7480
7433
5293
5459
7899
8358
6984
9107
5826
6563
8884
6391
7134
9313
8626
8044
5032
8088
8045
6375
5789
8432
5629
9356
6204
5262
7420
9595
9624
8571
8007
9600
6797
5647
6721
7659
6384
7793
