8230
5351
7007
9498
8480
9326
6670
6391
5139
6008
7933
5128
7486
8565
5016
6976
7306
6524
5117
7322
6416
6647
9725
6988
7103
7929
6871
7294
5411
9615
7874
9157
5747
8386
9732
8399
7077
9338
6457
9186
6723
6130
7651
8905
5489
6275
6958
9298
9208
7975
8589
5770
7521
9428
7909
6583
5426
5019
7395
5551
7455
9177
5980
5324
7935
8576
9182
8900
8633
6418
9699
7768
5067
5732
5599
5286
8797
5821
6500
5829
5972
7373
7886
7236
6027
7105
6636
6119
5478
8149
7973
7059
6943
5907
6731
7346
5151
7327
5970
6713
6893
7858
5666
7790
8077
5821
5703
6790
8829
7623
7587
9406
8320
6567
9380
5083
6291
8544
9098
5831
6940
8063
8423
5484
8245
7641
5825
8961
8801
8054
5136
6470
9651
9587
8736
7914
6708
5096
8960
5206
6402
9647
7091
7655
5563
8368
8539
5377
6327
6649
6055
6407
8030
5140
9573
8631
9236
5182
9346
5437
9797
6543
7789
5776
7488
6118
9555
8534
7631
6466
8176
6195
9385
8892
9229
7094
5972
5768
9722
9677
8903
5448
7634
7153
6999
8530
8240
9511
5014
5106
8479
6526
5551
8524
5210
9660
6858
6316
5168
9245
8614
5005
7547
9662
8274
9661
6823
8939
5711
7480
7659
8468
5260
9469
6334
9349
8709
5637
8577
8759
7679
5044
8521
7525
7788
6650
5645
5861
8682
9370
5237
9457
5601
5478
6064
8898
7702
7773
8680
7139
6707
9102
8800
7334
7248
5011
6266
5882
7190
5662
5951
6222
7539
6210
6567
8570
6285
5023
6874
6624
9016
5962
5257
6142
7244
8002
7867
9583
8406
7237
6647
5937
6758
6439
7052
8377
6044
6187
5277
7777
5384
9564
8472
8020
8420
8816
6918
9192
8711
7294
7614
7680
5899
7056
7923
5746
8845
7659
5091
9046
6945
6483
7277
9754
8816
5015
9264
6101
8958
7990
7526
5098
9546
8898
6240
9253
7290
7037
7523
8229
6085
8475
5873
6112
9423
8768
5038
9502
8316
6306
9332
8186
6096
6031
5833
8702
7287
8519
9005
8405
9352
5818
5235
5721
9569
7516
7934
6802
5817
8471
8256
6808
5137
6663
7962
8270
5611
6165
5331
5048
9777
9563
7585
7653
8458
9141
8802
8515
8066
7339
6966
8572
7833
8918
8678
5268
8241
5152
6344
6908
5834
8037
8685
9646
7850
7524
8049
9234
7870
7363
8091
6123
8188
8957
8428
9589
8033
7382
7063
5428
8514
9220
8537
8279
6505
9484
8776
6020
7786
7695
5030
5460
9622
8223
9015
6741
5879
7739
9603
5935
6093
9369
5646
5703
9049
5843
5384
8676
5490
8889
7035
5859
7889
5916
8194
6415
9301
5407
8141
8166
8549
7030
6449
5175
7334
7631
6302
9766
9743
6688
8711
5295
7580
6129
9136
8946
8574
7834
9031
5662
9101
5101
5530
8697
5661
8971
7372
8706
5029
7600
7241
5472
9399
6437
7187
8863
7921
5471
8169
6418
9342
5419
8733
8603
5179
6741
8080
6760
6581
9049
7642
6467
6177
7479
8866
8448
6500
7552
9315
8164
5260
7397
9737
7144
9248
8240
5697
6143
8743
5273
6025
8103
9466
7613
6121
8682
6169
6728
8519
8720
5891
5613
7125
5781
9759
5774
9095
6920
7372
8539
7364
5369
5956
5006
6159
6946
5483
6589
9156
6740
6045
6938
7817
6309
8024
9339
6802
8365
6359
5184
7279
9573
8834
5596
7274
9447
5272
8957
7185
8474
8945
8577
8571
5204
7710
5657
7148
9461
6455
8975
8200
9380
7373
6780
7676
8753
7596
5817
7557
5421
8772
5731
5561
7188
6260
7591
6336
5361
7532
6512
6675
6326
9204
5682
7595
7268
8167
7613
8399
7368
7192
7142
6910
7184
6785
7700
7201
7054
7720
8321
6851
9255
6401
6765
9503
8214
8017
6384
8745
5119
9121
6787
6929
9743
7301
6875
5176
6692
8985
5409
5586
9784
7219
5189
8030
6631
8621
8178
5403
8361
5391
9083
7441
9012
9461
7220
9726
7440
5979
9181
9052
6784
8669
8280
8048
5405
5214
6967
9684
9711
7524
5510
7870
7312
7735
6868
7037
6212
8536
7873
9394
9640
5981
5384
9529
5039
9146
7718
5283
5082
6949
7537
5713
9604
6157
8603
6116
8739
6942
7625
6417
6655
8294
5493
5837
9681
6213
5130
6277
7594
5183
8514
8704
7907
9588
9213
5803
8285
8551
8009
6059
7297
6685
9602
7762
9788
9598
8066
6155
8933
5753
8099
9071
5912
6456
7739
6346
5489
9348
9648
8626
9017
6442
7489
9699
8235
8634
7606
5017
6745
7801
7631
5188
8733
6566
8921
9770
8493
7532
5849
5084
7948
8775
7144
6841
6885
9244
7793
6452
6849
7868
5315
8738
8703
9184
6843
5855
8996
9704
9327
6155
6992
8049
9211
6132
7922
7911
5338
9146
7335
7770
7653
7757
8499
9565
5678
5242
9098
5649
7814
8791
5841
6154
7968
8678
7487
8694
6285
9350
9524
8067
5774
8589
8005
9495
7892
9699
9365
6013
8719
8775
8907
8448
8918
8880
5215
7358
5239
8939
8506
6602
