5232
8908
5307
9685
6667
5175
5044
7849
5928
6089
6962
6240
8562
5162
8917
6778
8613
5190
8160
6359
9479
8917
5642
9082
5512
9569
5446
5145
8936
7878
7124
7429
5800
5873
7206
6013
7718
9391
8434
6153
9208
6801
5759
7479
6209
5873
6977
8012
5371
5585
5304
6124
5782
5817
7322
6116
8267
6026
9174
6898
9529
9700
8713
7850
8765
9333
5440
7690
7757
7904
8861
9023
6557
7008
6951
7679
8158
7963
7874
9440
7593
7235
9574
8352
7575
6000
6647
9784
8352
6091
7547
6692
5217
6536
6424
9309
7888
7710
8515
6676
5434
9087
5256
7268
6524
6081
9367
8575
8666
9443
7758
5305
7953
9535
9106
7295
5127
5362
5276
7765
7686
5456
9138
6666
5358
7169
8806
5022
5584
7443
9591
5449
9249
6198
9007
8306
6979
7307
6828
6494
6433
7873
6118
8709
8133
7242
8540
5483
7231
8930
9183
7527
7434
5750
8790
9778
9749
8390
6910
9156
7075
9346
7991
6224
9652
7310
5857
6755
5529
5800
5316
7620
8334
8582
6333
9614
9139
5430
8334
7916
8430
8324
7591
6455
8060
7065
7815
8500
7209
9029
8357
8390
5397
7473
9219
6888
9683
9694
8857
5824
6386
6785
9755
6431
8614
6563
8994
8653
9218
8977
5639
9320
5057
8794
5726
8552
6756
6536
7964
7588
9295
7158
9347
6300
7244
6727
7224
5861
9163
9245
9731
9245
6373
7511
6531
6645
8369
6161
7641
6498
7871
8963
9083
8032
8391
8837
8333
6403
6747
5667
5132
8147
6731
6269
6329
9029
7239
8456
8988
6888
9139
8133
9290
9773
9046
6194
7948
7347
7264
8882
5184
5596
8695
6467
9518
5332
7876
6315
7710
8207
8194
5822
8914
8496
9113
6585
7515
5104
6182
7303
9206
9713
6973
5754
7159
9538
9474
9110
8786
7197
5890
5987
8940
7666
5484
9337
9252
5264
6552
5997
6154
5925
5747
5782
8495
8318
9020
5794
5660
7462
8480
7844
6165
9761
9477
5271
8423
7942
9108
9780
5659
8566
7329
5513
7317
7207
6683
6249
8013
9577
7133
7251
8352
5185
6150
8282
8967
6192
7059
8642
5519
8680
8451
6325
8517
7846
9622
8979
7989
5213
5915
6310
5957
6573
5338
7388
8396
5234
8265
6288
6636
7771
7582
5884
5330
6229
9293
5981
8612
6195
6105
7232
5884
5467
9262
6780
5115
6005
6797
9271
7385
7504
8060
7800
8662
5823
6295
6780
9647
8562
9687
8734
7727
5771
7006
7548
6099
7568
5995
7289
8354
8642
5368
6794
8909
8484
5427
5490
7112
8359
7274
7391
8238
8794
8703
8932
9511
9582
7022
9308
9735
7513
6134
