399580	54	1432.83477152364
906080	102	197.174926426809
880792	56	3331.17418109028
211202	91	5329.38614586805
934545	58	3483.46076881674
16453	19	6158.3334818754
655172	63	7812.20584200332
91230	120	5783.53415968992
858771	42	2044.11739504157
374715	64	6843.2925816827
223438	114	8637.88558609685
370356	48	407.588832922088
36191	118	9443.55335698629
847747	51	437.636476819234
187967	103	668.877219161427
172694	8	1658.88785592229
944960	42	9354.5414218933
855242	73	4485.91186566554
828805	90	4516.42511967403
129171	29	5080.72160276618
635308	63	9331.09276948082
243572	20	8047.79430099195
963837	38	937.987835909234
726353	15	1710.47585104149
113709	112	1082.87857635081
479998	37	1444.42661881653
175372	96	2958.85411438479
880055	74	1908.79511549547
308076	27	3555.44106599662
780979	82	6445.79320952566
975864	117	7540.01434023493
581563	106	8965.57015216237
980642	14	7087.20702020787
584574	21	7531.23623497376
112718	114	2429.43575593151
735544	41	6753.45287581601
390559	111	4551.77464464296
50140	8	4429.04075697485
765207	94	9062.2512503817
378923	109	9413.48546115378
208937	32	6308.05972800965
760732	88	1388.92485536119
642239	29	601.799688256252
207858	78	2007.65988221749
396315	33	6337.47450929949
519595	116	6656.95421097658
334352	117	8843.90098245065
163675	11	7572.12716521329
355050	35	9294.20714466563
132123	29	1089.25970163628
271430	44	2077.52049373347
99791	97	9129.22385201288
31497	77	2294.07390835419
388671	45	1076.01988710278
712115	19	2813.61883748957
787415	106	7841.0696489462
753293	82	8103.49847315974
285788	97	9254.44485068063
259799	94	1790.5864082233
975766	32	4565.54301025604
339466	14	110.984104830299
690475	28	2983.77960449261
861746	81	4664.84433918486
915968	51	3435.62412547675
581563	102	6171.08152889231
271286	9	9363.21556599029
253464	113	4004.38631014171
66639	62	5546.71465686835
718680	91	5541.30775893168
465216	86	338.364638359456
698825	32	3830.5293321286
992131	109	2714.11613249877
157569	82	9271.73534271854
846621	34	2231.28086269427
243086	13	2689.80823652344
2213	97	9604.08983542774
989337	35	7240.03004219384
428885	49	3248.27225904366
873301	9	5940.08059196178
559448	80	4715.9676600322
31840	87	9579.36095920362
76746	118	1717.19742827918
306020	82	9393.05526911889
196498	84	3911.22180168108
657660	61	6735.92842851576
653036	100	4236.09174519595
153005	99	9455.60512559284
776470	116	4402.43369699569
219071	62	8609.81970909509
195926	87	8504.21297489862
669778	79	212.334442796341
557854	31	5506.9116285103
22974	107	1213.70237689172
581572	63	1408.06733225848
568105	116	5898.85807027987
713870	29	8948.75514034589
589122	106	2364.66802901806
640393	22	8408.89187734988
260546	20	7567.35142416663
111580	18	4758.34661194046
531290	109	9566.97520654042
30271	82	502.078978764861
23237	67	2641.30170729072
125332	111	9427.16657702213
682377	25	3155.10732645872
527661	70	113.314395869763
980690	117	2875.37598259532
470977	51	8379.32294531694
191276	62	4893.40330669349
571585	113	982.113465379045
351448	89	7521.60050427616
945609	96	6139.94183407162
378489	112	2943.46806953823
323924	116	6800.17807837584
187745	64	9566.8657087101
883941	105	9723.06741551639
957061	86	5879.07056486191
862340	82	1758.61874900694
955655	42	4952.92447770616
610217	58	1812.88316208538
928207	26	6140.30739233843
444756	42	1946.19290267406
458292	81	4019.06252304048
295285	78	6403.9910851065
599956	38	139.605474024827
241094	41	8886.58621203461
949320	42	6388.44721530957
897094	78	2382.58040714198
620563	7	701.641005790625
810040	56	4618.91993862526
939326	9	4672.89492374887
940379	119	7634.47608818974
851800	58	1993.87043486064
110177	14	2114.56587510862
802960	101	806.379073488702
594145	7	3766.55510029129
896449	72	192.702014740883
158040	31	1447.25385445508
59276	8	5645.78677888298
302045	81	3003.933419615
634110	75	2194.64846774687
704252	71	5853.00580312172
245433	73	3218.69311575717
23177	66	8605.34594455052
400180	16	2470.10811463469
113271	113	8111.03895605124
905420	68	101.332474081466
31287	52	8664.61241048044
552991	64	8178.24483987794
846634	71	9449.76363854938
123917	84	8092.11984974897
878376	78	4889.35106177318
593810	78	2610.47092248242
146506	94	4444.92928308664
845462	111	592.445506943597
494931	109	1383.41059404584
111543	15	1172.00878219307
305824	29	1128.1819206328
860375	54	1998.61583718966
447755	61	707.469045327729
390591	103	333.112458201643
410338	7	8513.18351734112
2707	97	4715.66352141819
24270	54	3062.46869064051
168513	81	7883.98010236396
28223	77	5030.08459114008
757935	38	6147.05660219633
60822	53	4755.5943541022
439061	56	4720.61804929777
62925	74	2166.65491776851
965553	79	1529.93764752985
469364	88	9238.52822633392
357564	83	8797.44381261871
804804	14	1170.84372656925
829164	19	6696.59067373564
265258	26	5558.69758825689
829647	89	8022.2420704189
291655	65	2035.06280683682
391986	12	4256.95976259045
317819	66	5962.49859005329
714687	44	2015.44269221623
545825	57	7964.08258274388
653195	45	9444.2157561631
460078	20	9508.29141363888
616614	75	2064.7318783052
663203	5	2952.10664251452
365147	6	2619.76169721212
731017	48	8741.1383151734
420132	73	1232.01219636575
417901	90	6498.6855897115
13084	104	1587.75788647484
507535	99	7524.84180970343
678886	50	6806.3668586809
232932	80	8336.61363284877
390495	56	5901.61138842889
288690	11	9164.96423979521
512653	114	652.839544207249
236919	91	5122.95985604774
384890	58	9629.55205483807
924729	103	8667.81784974403
216279	27	6254.97672239085
332468	45	2910.28764532427
655080	42	8006.20839237525
247766	72	6208.34870422648
29165	112	3791.20571636185
358290	39	9320.98616860853
353703	68	5286.31351100575
621616	115	7958.38986651897
292110	46	1215.78429705267
982415	114	3556.05151455666
362969	73	5614.1427126779
185112	25	4539.35284602426
525025	39	1034.86652995221
822437	8	7438.19491157224
196341	67	3663.38772623026
533693	64	8192.01883435809
273234	110	1683.20637805537
243907	6	2974.13356573048
578116	59	2613.11229025624
920525	86	9887.16806861906
855191	21	3905.48722623172
9253	81	9939.71518396387
164000	97	7426.05788476116
951077	28	9978.48696330492
551891	119	5137.04506095361
793724	12	4094.10305223153
929235	20	8517.6020074252
540886	62	432.619501246428
390214	92	5646.31920701187
625335	58	7135.41527480605
844524	48	6069.26754469484
699507	18	8937.68163287904
598009	81	8885.84054619346
778338	47	7251.92256134559
987175	27	7058.07767457239
451651	25	586.574266658432
126292	68	4056.73032065701
470443	49	5598.32891542387
625586	106	6522.69160599573
70385	33	9057.87644510058
725736	96	3350.14610469814
372335	89	8316.46109931937
255919	89	8551.38278880687
549753	53	4199.6931395492
890685	11	7751.07035709129
740578	28	3053.14262139292
271811	6	5664.2776210626
653656	60	9123.65893089383
862291	43	9883.46533900288
896750	117	2626.08250925601
904104	3	4131.28722828407
927626	113	5896.08800383103
461873	8	4854.28895477871
16320	93	4684.02507025005
249657	22	1417.97482521179
433657	42	3330.25511756086
989103	4	6612.93337247937
248301	5	2409.18601956646
466687	111	3151.27620243061
322526	87	3918.38099682628
179794	43	7660.28877718388
737068	46	4255.57095373774
785976	65	1441.05303270791
690518	89	1782.48617345583
685197	57	2672.62572561047
461298	40	3265.19556546826
287222	41	196.484585756662
708475	34	9574.24578502506
142565	108	9861.51406204399
553643	78	196.625528715842
173183	118	3363.36068383575
256845	6	4257.21920680125
758146	73	7953.35167551104
935054	118	8030.44832704144
346013	73	2839.98362568206
617881	65	5665.40064689023
311865	31	6109.09757409668
628999	78	3990.30988276485
533931	24	914.600718400721
35083	3	4838.93235891076
758222	101	8945.93312789031
51255	110	7588.61370658903
107957	88	4324.30443648449
297031	50	7214.66226420117
634223	10	3533.01650319855
456395	58	6731.40386586608
675119	15	3674.74572429189
364727	26	4021.01900382946
278205	37	3454.48621472087
176789	87	8528.83527606206
207206	108	5997.74005552649
275851	35	1542.32656729516
391704	10	6882.10565321245
549414	79	8107.74960932683
315985	18	8456.83001547904
986046	57	5777.52283391427
121576	22	7115.77740228538
403733	17	8929.44920502112
639838	4	6360.7637877859
938822	88	6251.43938742179
259949	109	148.934161778974
914101	62	5118.82295683903
73507	27	7874.93325442771
311463	38	4119.23355572821
603984	21	4671.38022834965
337050	37	764.387139614852
66425	63	8284.49441743292
129053	108	5558.15139452841
875250	112	7685.91246809154
481968	26	2770.40350324027
13973	51	3487.87503148796
408958	15	7465.24702085426
222264	69	6348.36574473808
154221	93	2576.81217364818
333181	102	8674.33909279031
403848	53	9668.88859256585
945348	69	7242.926271792
206915	114	2163.80690464927
842591	79	230.317267044595
50189	54	5813.36639454279
897569	52	247.191891375553
963098	84	8921.91998447381
237379	111	665.649813025095
867881	91	7309.3901547647
843745	28	7515.57954350281
920331	118	549.153977841676
764229	102	5025.52299598489
406967	35	6353.04216232758
254063	114	4698.87593937985
71291	34	4560.07831616331
450018	44	1363.21576333755
276923	73	3528.88174305152
927133	35	1657.47628726879
896744	31	5115.26669301803
840698	87	8189.00985223661
377611	18	7334.54320600002
818644	28	6782.79030974153
823948	93	5965.89725942626
210717	114	1538.40948433541
204913	117	7423.94102505592
146627	112	6554.91065106118
556908	119	4040.14798711992
568026	48	6221.08535981788
423495	43	7076.31397302091
914194	86	6051.32870490259
200680	108	5658.28610465782
39933	68	8204.83087804393
581753	82	604.458569597666
986704	93	5861.06221478482
416442	117	6589.20995667074
337043	103	3121.00730855996
683085	67	3157.89492491535
536137	38	7280.73231549036
495383	49	7499.33320861279
827333	9	8781.20076469202
420438	12	675.577272090864
965506	13	602.101517236839
969422	70	4183.11140531819
191301	84	2631.44963170935
944849	101	2317.43698907897
984395	10	4133.86609304411
503082	26	4942.59140828745
117100	58	1702.01813019906
457985	19	5916.11781330598
961057	49	1706.57938882084
379569	76	6214.31120499704
827580	98	6864.28086597672
706248	67	8869.56885604634
872482	75	2905.35313426766
93317	61	8570.66375150842
813533	32	4769.38379223895
850963	74	3338.50583808427
979966	20	8565.30401896001
604386	70	6131.34317027002
563580	85	9527.68683458105
241661	91	1814.94697398271
80785	103	807.836424516438
687883	53	357.471820738852
512106	37	5266.10593812824
588096	45	5885.87666269665
145444	62	9743.71731315912
544612	31	8839.99630051665
825402	42	7945.39435219271
707626	89	4769.29244416267
545224	95	2419.64199744148
699919	77	8461.6151748512
30672	19	8707.77928852839
224787	78	6500.81263762005
187263	51	8282.70968393549
139641	116	3176.17526314043
536537	99	7936.81547932179
338768	24	733.758911040499
5436	72	4654.14628775518
492539	43	4188.31112775407
247830	51	1273.58192371837
988666	106	6442.54582805678
482581	58	6681.675028839
799019	72	2243.64222821018
811668	14	8656.04687447476
400052	64	8257.68162028756
426938	82	3804.11925944691
635313	6	9138.86067529156
184331	61	6083.27736611631
123110	54	469.721037600991
49277	104	7961.87505263923
453260	89	2352.90542098363
795460	24	5441.1756258184
878090	80	4989.9207759136
733662	18	2378.75466303842
510321	68	954.538968649944
846387	39	773.677711502499
382869	4	6804.4276332969
336240	109	3912.78481498025
459233	111	3898.55141090162
623150	76	374.906588799742
592093	37	7268.22372813161
513569	33	3725.97857523988
698843	97	3444.24370506045
259189	105	260.739901364194
773039	101	9027.76451410156
286088	15	9368.24984767858
799384	117	1400.59065702399
128479	91	8523.78756991764
765854	52	8320.52000575723
466951	41	2718.21633112534
132667	20	422.135411306347
845837	5	8370.88726049796
597539	21	3042.70076870113
533479	69	5129.04721993443
511425	44	1513.28115678079
761705	21	725.614677986882
265036	64	8166.7633017836
823317	64	6543.77568706115
590593	80	5486.01765655261
616337	39	8423.35292092681
786860	96	4823.16449616252
154895	18	7236.2273667642
623413	51	8192.17261168741
644496	23	9527.89763818863
444725	97	4133.60046676062
877418	31	4031.04554662995
571502	56	2665.28290769331
940666	45	8017.8942293012
305250	86	6350.36532946414
195295	70	3666.63557792391
68387	77	8487.08631931203
535226	24	7711.54973558688
175335	80	2306.07689344607
808098	82	7470.80908835438
76285	52	3525.04015882734
996798	98	7230.35206041781
223674	35	4249.30134548307
600289	22	8510.560068819
293343	93	4407.92054236304
136596	76	4261.55912785863
4730	74	8458.48604108136
759838	94	5483.48030065348
777270	24	6177.07618012888
919337	72	5863.2026871495
836097	36	7808.67644553477
721901	64	9426.95725784961
926302	72	9007.57016744817
216989	19	3037.9257606519
565470	20	4732.16503161572
370865	106	4212.54858221512
104630	44	428.832287913576
535318	42	844.838476062211
644501	96	6456.13539761684
382965	92	6298.55125304244
624031	74	6837.11178136855
551891	117	8800.47712195687
267296	10	2549.08998024142
647335	29	461.986978846596
318485	24	4692.06026186797
917099	63	6342.11015563557
979081	15	3144.92339666231
457354	38	2465.04825640705
386041	46	9542.26087040373
764057	75	7353.55822893491
843752	79	8314.5330210284
704754	97	5380.06001481789
48824	15	1799.89403728391
495212	112	8097.68164064627
845428	102	1388.19626052314
788888	36	1625.34298446278
757258	44	2799.70223121331
848861	88	6533.7692763348
939686	110	3069.70295117689
544	36	6049.55256914234
518708	46	4581.44542182863
930352	25	5761.12198408745
809112	32	3799.11137949634
489287	112	4176.9672272154
886946	60	1889.64244117478
292570	6	4695.75562923949
932302	68	989.922082419471
374849	13	2690.38800522237
522113	37	9261.04962316391
378669	115	8977.98910638224
552319	23	8179.5073150096
645204	81	5636.59697339712
831524	80	6512.52448442975
470567	96	445.558759172242
748207	83	4272.01646569744
284643	68	2470.61722975719
964819	99	8787.6792864351
40353	42	7384.20316892872
797926	17	2826.98589853336
308213	9	9053.34480602916
519001	6	2989.57898797913
659950	85	7590.99584682425
4465	107	8246.15570127319
860278	20	3833.14214527288
366640	67	7648.13373892016
869767	5	4170.28178813415
818209	73	7384.98749462189
346632	86	1449.0049576615
247487	49	8433.53892524426
469052	10	5432.17329249353
936233	22	6026.25109708228
669167	110	7652.7011381242
250250	38	9839.1347837351
298551	34	6679.93447341953
542391	103	6775.3805631657
970460	5	7845.43380962938
113236	56	1150.61208463768
913121	44	4610.55475986123
384405	116	3230.053303591
566277	57	3065.23344170546
212000	63	8301.16366879137
119736	42	9805.82673498701
337396	11	6422.77580393608
796943	39	7185.57694912217
393226	23	3405.84590193156
650627	34	8645.55554215124
974289	64	3845.69356457595
647889	15	6075.44381794308
88378	52	8152.49292513006
643429	70	9517.36194799531
830407	72	8474.29687868538
390126	91	7523.11932566721
160116	18	5147.64697446844
769005	88	9466.66471071852
393764	117	1526.88361142151
59673	54	1835.33495642959
825926	14	6943.6691025941
868159	84	9395.03977438204
486828	103	4142.92105005259
459172	103	9190.52742844938
461965	77	5033.22909941581
221277	68	7272.97781117865
154275	90	4313.78722335854
442458	30	1455.4917452184
457551	93	7988.1265858133
546597	111	1418.59788685972
251397	7	9827.34985846437
687883	5	4827.51807678841
657834	120	8948.45610505364
725992	93	8954.21189132808
940164	75	2878.05791878051
533506	65	956.451382002072
394546	56	4267.85206294984
142164	64	6968.31144363075
650083	66	8637.02207363072
986797	14	9262.87906950474
518762	60	9403.90469604354
350007	93	8115.89512858349
627971	65	6180.20723167817
322993	53	5634.63469316933
592663	116	9802.88419746928
570663	31	6273.23126279434
279313	92	2487.85054799535
72530	119	4648.20296016904
693681	7	5262.7710072616
53231	107	4889.00519762608
804529	86	8951.56087933647
237007	93	2813.85044162807
468701	10	8475.89130945312
316053	80	9980.04417716528
445984	53	385.52313921299
545477	72	5621.73209894529
551630	28	3019.45398101558
550000	85	3445.80017209323
914923	53	5094.91778071733
432905	69	7282.50523804804
941929	79	6440.56560552705
642329	50	7246.20552251404
538272	104	2059.67905039884
527257	71	1846.65318822798
501327	48	1146.84704562968
873555	31	5617.86865387944
312512	103	4565.27031216084
959320	70	6733.63783458883
505122	47	174.77195708769
779603	36	3397.10593097708
518406	58	5082.29777313876
275419	24	189.802820882668
330128	43	312.509569205581
823667	26	7290.43942354174
613780	3	6452.70426429468
352614	57	3195.47249469695
251373	55	2019.8069312702
778751	8	7156.04888515363
465947	41	810.527986479238
9649	114	388.509827148407
978560	15	5828.3961565366
575383	113	1114.66267733586
986507	80	2106.23236736573
827344	107	8970.3889372155
251255	17	6567.38489818172
149874	74	5717.21767835189
471244	11	9160.25433482614
157338	41	8443.3263633602
68289	100	4301.5835444916
621797	102	8596.95345586955
742976	48	4063.39129883023
411314	72	972.830449358015
662262	61	806.292395389775
41019	55	8062.49697555904
584221	18	5598.89435148746
955361	51	9269.65971066135
925244	67	7233.09935323573
68451	114	8724.90039361869
601951	5	7870.50552580995
159755	88	1228.21756085764
167183	107	8127.80273641823
465309	21	5035.77699849185
278864	67	5355.47815298451
83775	71	1179.50593064516
263782	60	6288.30504612453
528390	72	1964.89867906314
688758	102	4170.19349190881
761026	89	3033.74710824981
986301	54	4506.55660005592
327307	106	5775.74994823697
102596	51	7714.20580940983
992109	104	5670.33885059428
592039	93	9764.13951137296
493653	97	8690.33069954735
877069	61	9729.61641565413
981009	3	4583.10221730876
660983	3	4402.0747679761
364457	55	8857.39311406268
190752	24	1600.52162609087
261477	27	7291.80486406749
396223	117	6685.61509288178
797176	33	1735.81414778522
754593	66	6317.92952922076
342073	16	8210.09811922447
953491	30	485.460649982775
567812	15	2443.47536286501
65369	65	4303.57950111086
47789	36	8765.24611667974
820469	86	9636.33569252507
757188	33	6843.80715510054
929022	59	5634.5364069727
778248	3	8373.91362249568
483612	54	2401.88001287257
797821	35	4749.53457673524
268209	24	8867.43501292888
29190	48	2259.32312242655
597112	21	863.413022860611
714205	25	6835.16412881909
936220	10	6866.61117545637
615216	99	5595.51144847437
10397	56	2912.79968284667
261354	79	6422.4245091539
929218	116	2347.41770431745
99591	43	6683.2889232241
247974	63	2621.96737868803
223440	22	1083.26640575345
874123	64	3291.87039774464
655753	7	1041.88948899596
229613	61	2950.71367539964
789614	114	9428.13093887089
433354	51	6228.40032844264
529308	74	8179.80587546705
870129	106	5370.48018093709
330627	44	4276.4231586719
243102	78	8203.01409089147
365585	110	6779.59651084598
89829	43	8947.48432102962
137825	97	3024.35449297743
49501	56	4223.60719462093
286190	43	1635.37800974929
372620	48	244.315236035881
295388	9	9290.80055523235
477964	41	9116.00461211801
542265	93	2967.23138069139
705600	90	1765.28359500937
910484	91	4024.49479467445
902490	25	5897.32004804412
990034	56	6049.92884576783
44232	70	6161.78875801237
304131	55	1571.85792744712
35487	120	5397.32207208747
813986	108	9740.2255024017
918586	86	5956.14085614502
478616	46	5880.22412763919
48612	119	5816.87040809396
66457	5	669.757272475286
248255	42	7057.35873317223
126780	110	1593.45820927688
802673	90	9290.01390607562
247429	30	4880.2869031114
523152	88	8832.49927192577
132350	7	7751.48533044918
316744	25	8479.50092995516
166984	61	572.488499326859
398075	48	8275.03452774837
877914	103	4715.14028111246
743666	55	5553.39913244983
463085	26	1214.53370201147
21671	47	933.789904291644
670950	98	1672.70600082013
203035	120	4753.97850505727
914425	70	6474.3927455388
494976	3	9485.07242453521
945623	103	8292.874491258
646384	113	8404.85449522028
508048	28	5305.37293330085
373382	69	8893.0684033749
550887	49	7938.24647010222
985000	92	5305.86782181909
96620	40	6628.87654147524
805867	46	3880.63984414592
853621	20	5045.61778406874
854600	85	8143.46012400624
214685	38	8488.08005176861
103755	28	5990.05004576875
534413	43	2710.96213213679
105160	96	1726.32781948258
853828	9	2476.0821681824
803682	71	6076.39357977379
593361	23	8146.22142675622
203982	113	6889.79772366108
468057	16	4844.29818594097
684562	64	7859.16630907877
884871	12	5238.25847592124
865934	19	2751.59097660873
715247	114	1793.6545925651
992906	27	4235.20516866595
748795	61	5300.01852996648
804641	18	3180.60526451124
129580	52	5699.5085249187
977654	109	5243.53380312376
212346	10	3739.6117788924
390123	30	1119.98370854183
110631	35	8218.31372963186
533559	113	7163.26872085373
189048	102	9167.65828196316
536113	30	6430.532202977
598122	59	9682.60305290232
810949	103	4421.472922676
871580	96	9858.41119632051
911384	38	1156.3040816953
610744	55	1863.58228026125
578100	87	885.665040829063
175780	106	7170.93379486861
15214	12	9318.07313538998
809889	95	5657.84386748348
391897	103	2922.77429347056
888580	23	1952.50808585086
865153	57	4235.24234869296
828845	74	2158.49762445246
792311	3	4420.22481244999
628835	114	9740.61302293121
41278	33	4960.42998878305
866332	79	1401.8300496516
969496	11	3567.94322234017
873056	46	4065.09104611589
273264	97	830.509367413125
450755	44	9439.16778263597
636539	94	1427.61048675869
673919	37	9803.52728977032
274378	55	1178.45167288485
253773	117	8798.20288908584
944449	115	1420.38562610763
162578	107	5250.97182772633
250191	35	2121.13470766746
79219	68	1067.55449053252
54170	3	1077.41711390084
161829	63	8092.09762010355
632784	9	6555.47374983107
530521	52	1831.31299951641
967406	96	9701.45657667958
892731	94	2059.55074818784
555524	116	1118.67165235741
507252	79	4196.96973138348
307904	12	9139.24302795867
729608	97	815.966016061588
424987	67	2219.79219746766
932593	12	2981.30354838506
554641	90	9337.39308986691
567145	90	9139.33054047606
275033	95	5386.16276243057
989735	16	996.668139005391
38814	69	5065.71685949607
384384	18	5976.12791665649
927901	46	3600.48848814354
40404	91	4409.33102765555
71602	71	2588.29462453178
763806	91	8711.24295034038
78464	97	7138.98251975839
717102	77	413.157880032974
761796	88	2355.64666542022
701484	31	8639.23747308517
629757	39	9622.6122287673
834662	3	2525.70399680441
504449	89	4217.12679197878
486811	7	7204.40660207738
431196	26	9932.74274642241
217688	51	1650.72844198473
190713	79	406.627997759091
122678	120	3211.51103633992
192502	105	9309.71865654444
412259	90	4160.54154306675
463268	97	1287.8133362568
895379	97	4469.81308915178
282682	11	5818.4284287125
579594	4	306.574839356623
475019	43	7641.77338189528
206949	90	4385.12972979114
922317	93	3203.52486334905
701131	65	6023.78978851428
495685	28	3178.08096887454
526027	55	1400.6600658878
118548	14	9917.02281433019
291098	33	2441.6314317573
438493	55	3976.02237978765
688978	5	3423.21975744479
121885	80	6413.96282828132
698450	27	6609.69530330491
209143	48	1390.02425469925
334757	53	9745.33070504914
827344	37	2841.23653035668
105913	80	5933.75325670175
203022	100	6325.39043348534
823028	84	9091.56840010153
420040	55	944.673491662682
311489	49	3019.77392286983
783802	60	7452.75233278645
833386	61	8739.85990772017
985621	99	155.083503134122
37725	14	661.779568140292
772180	99	6725.5463312499
814576	110	9607.6200017741
740661	11	7890.92250545086
943763	52	2065.72565686224
850787	18	9641.84000074949
256989	118	7643.27274427902
68248	6	9905.12704970554
689712	56	9454.6583695126
201311	17	8042.94481763753
571058	69	8396.08522280868
736638	59	7334.25406847813
340038	55	8755.20887396075
222669	4	5437.96234025525
823546	69	3265.4129337824
875097	31	746.287939346529
786965	34	3658.08655971572
812143	30	8422.05518354757
410386	12	771.767833676081
895591	22	3675.91483675685
352185	95	7922.85699538088
524647	68	5198.37313056848
25157	28	9447.8510822858
860010	18	6907.39909881139
627176	60	9692.64121763065
925495	55	4669.8486555693
611310	41	2248.64334983222
265852	84	8494.23579186864
410854	61	3366.76405545639
418311	43	4019.9826007802
199283	62	2866.74707227701
827017	63	2338.74617872701
51418	117	200.72876997326
110503	68	303.238857399318
636798	12	1448.25732333039
192202	99	7431.06017272503
599033	5	6375.39553217375
961435	49	8398.98656494868
503508	102	1073.56204067988
773780	87	695.661563098273
333373	115	8796.74037480575
653798	97	6327.26011170412
806553	71	9761.2382522138
805951	58	4855.59001600164
868840	105	7707.38477963367
279447	92	6149.99660879839
771202	93	6791.96793548389
373425	17	3260.35863988118
172794	9	1190.01994439867
243099	46	6732.61657554312
454870	98	2592.56137953725
356461	76	6113.20689139571
842372	70	2786.56973395803
521346	34	2504.05169059711
866787	18	5516.29529568194
942536	21	5344.2640898024
390937	114	952.583958465878
703765	30	9445.64612919728
978554	73	8276.19117003688
255175	95	7508.4182968868
56956	117	2155.31453930555
786696	75	6703.72091778727
948028	62	2537.24358460738
140289	9	1939.36519755021
956195	27	5124.13536264754
789800	100	9969.09714633091
735544	74	9027.76776418451
480828	46	4270.15555578757
960055	78	5803.84140638813
972827	69	339.525535721111
109333	71	7887.28696265597
502179	119	3037.14391516389
822792	57	5186.80802615676
433835	112	6568.7466137897
444261	110	8942.96098465238
684392	20	357.661478062003
467714	115	7730.0232301606
167885	95	1858.49986046483
82903	113	5996.73279719275
556722	88	9747.09219469088
877583	111	9362.67909946045
643141	47	4768.78926217034
200093	99	2241.22421259118
343964	49	3724.68171837958
62783	108	6868.00467272662
575856	38	4678.73482493625
898506	83	4981.48014912451
436041	105	6185.59619653299
516046	115	7977.79835694367
668273	82	592.272731611632
568319	32	7392.61118424712
261758	96	140.663493583288
867881	10	5340.26173019794
75783	62	3374.86311927199
883636	29	5576.5982891324
807971	43	8960.82942442076
129758	73	6452.74896330794
314995	33	481.775203431852
955430	66	590.708902334193
290068	117	4327.24046922626
816908	96	1487.77453340021
867869	63	1575.60092582163
614799	114	1118.79409980904
13460	65	2429.43289309248
750560	15	1905.67333014015
230256	90	6490.88516472414
754986	103	6105.11679412104
337746	16	875.871522061467
943246	70	9905.6137553908
282978	9	2558.99528342252
730956	49	1021.08671298301
962121	91	7137.84939331834
791334	78	7187.93898955357
504181	94	4082.23161482356
873882	99	768.675746241899
388840	26	1604.94156372964
28093	40	8023.9569202177
158349	33	1284.05494954626
602115	94	6784.99921825016
848300	92	9424.16718379788
515110	112	8868.46950280874
97270	88	1423.96902466378
780361	101	3669.84203139778
2213	117	1062.25687836402
398430	80	830.889816130926
874684	15	3075.13790585806
428646	3	3742.88826819644
723047	102	7415.10877018567
861902	67	1460.89961587493
125664	36	9709.15884455161
725597	18	8858.05807181544
193140	31	8452.03642433138
183132	113	985.767420700643
765048	34	3754.07304375156
77092	48	3539.46657173311
900708	58	6060.08445143704
881651	75	6699.08836479256
403390	9	7593.22001458761
778199	40	986.500445793616
344609	50	1827.25573425519
851349	22	5534.55424790017
67270	54	8444.3428694477
289783	21	4176.99035120988
908986	84	1792.69709968599
965599	12	7401.23780798225
318666	8	4626.45617105367
869210	90	853.253291199567
595076	112	6691.65909005872
160416	80	870.478339013866
441832	26	9261.69521411028
993864	46	5357.4760550435
444409	113	1043.65547343327
99771	50	9493.30417471626
123937	60	3257.70319302459
382552	99	9290.11542852508
823781	22	9742.21818127773
561029	70	2803.74231944035
316090	92	6651.42213183056
969186	57	2487.44778665129
154069	13	7771.98489907756
126160	13	9556.68147926064
127052	59	3248.72168789093
42038	37	1480.85174145217
486701	24	6491.15631384363
661712	107	2615.83708604604
327777	43	1209.55488840563
937581	98	5022.49803544138
790237	15	6290.02919899767
104920	17	6182.68284522122
139986	99	4819.38306843833
464231	113	3223.80363839856
140210	90	4118.14048598434
883886	86	3460.99432835402
844881	103	8689.63202852273
156444	47	4023.16726256309
695304	17	8697.20003800336
978477	43	1244.53318014021
976058	20	2846.93349243465
292410	81	9766.5048986983
712108	101	3607.82570946395
732505	93	4846.34955532213
498521	95	2492.67279058354
322734	42	1559.25932431559
361175	49	6449.92210108318
344042	18	9532.5089941884
744155	34	7338.45597856606
463153	5	9978.5994253953
714480	57	4806.05689850918
643071	88	7935.27214170213
19460	108	875.654799153868
718699	6	8710.45672069791
55650	109	942.003099034542
14701	23	5933.0252242894
894376	38	7915.05955770382
743202	69	9483.92396046963
242200	45	281.201575408318
231249	79	3978.71065478712
621976	14	8111.97535335644
654517	116	3158.69824400111
741484	38	723.059859230677
790173	37	4440.00030869618
394928	52	3660.15895091005
635266	95	2284.79502293505
756943	31	1066.99595109885
169955	11	7300.13355892158
487771	5	9032.58043170561
225581	107	3748.98245034226
631285	87	2555.21155528501
459639	24	9334.57908967257
673407	77	9494.7988625126
929185	48	8713.27898209602
562849	86	154.750800670474
546248	79	1491.82743294715
104405	85	5733.94039703251
977750	56	4127.03732299946
127184	15	363.422879373386
102448	20	9333.01394192177
181832	59	4206.37997547462
307881	82	5828.03688176351
145296	48	2422.47434562187
465612	86	1671.44960634012
808654	13	8586.59371733041
981820	75	3763.27364135686
709597	104	3793.20590500403
920390	113	1925.09311056933
27516	118	2638.52704462527
356342	49	900.968501298208
933157	118	4858.25591844425
157013	46	9084.83009761424
904577	101	369.76374051057
331937	21	2767.67580773108
232396	22	9914.16168562796
913423	65	3716.71756297197
416393	10	4927.15277663765
949178	45	2977.20579769332
18832	79	5419.79179029343
826927	108	7045.66606876704
235284	44	9901.43094011649
298085	64	7354.3444401372
99995	33	7250.01399738249
304222	94	7859.57743304762
381807	37	6998.21012308738
557202	103	7800.18278015786
715654	48	4551.25362176972
572675	37	3327.23170599306
162532	32	6220.18053672285
218923	56	7271.82222920089
935872	29	9376.85260059165
392550	15	8133.65597447085
79574	91	6443.76149738383
123243	89	2778.1991522192
297483	73	3011.17977230399
817158	40	747.790196839622
770692	56	7913.96490210386
44707	7	5106.48409296129
590790	53	668.883894509116
816429	69	2783.41667865562
947203	60	8006.23435615852
58437	71	5521.20582066532
386295	5	1981.4647575754
207490	100	1123.55266843157
944635	113	6603.25415982085
89113	32	6949.05064066362
377642	107	9364.36763511243
935316	73	107.698944028327
450321	75	1955.2567017522
746048	11	6769.50372628379
46719	75	2000.1571233385
813715	19	2517.15353565158
730827	79	301.954673557521
719685	104	3037.22710806747
330061	86	6354.9927099864
346632	76	1119.24126051331
276118	11	1912.59443942113
84284	77	6741.44973859259
891683	69	8930.08912099995
28804	10	9691.29601521012
116264	52	9439.72700435656
264730	18	2167.23959616723
345747	93	7925.46083737419
455779	86	6066.59411865594
406981	36	421.389869936458
494917	82	8887.61292015557
200277	32	9882.2415698237
347700	71	108.327247299406
213723	48	9833.89833305678
608359	7	5863.87977854529
11158	82	5868.17735632331
889886	48	4472.49418630847
518584	45	5814.65945733462
177430	94	8567.11126331571
585580	54	3720.26830395696
608978	84	3532.06931838396
859021	85	8855.70866291211
780805	53	8152.88934765984
404766	35	8345.21775033568
898362	6	7454.84324253855
528475	49	7354.78068886082
248233	10	427.660289559355
508770	76	9002.05314932487
608765	36	3251.70049264641
74057	114	4800.4284048455
777213	94	1550.00926551875
64809	110	6972.20153937684
751893	107	3449.38725868677
978821	44	2527.60020584222
291543	11	1194.0911550513
359387	51	3399.31266354365
349743	26	3902.32852823209
824135	15	3818.09309945353
796970	69	836.299977980694
67289	8	4162.2680931642
438397	84	4880.87605786551
564672	103	5087.69865957447
264362	39	1244.14277833148
167862	72	5126.04064425735
372389	63	7154.44799571039
744269	32	5534.83309579773
347570	118	8763.54007668027
942533	59	7510.54126951403
889225	4	6710.03565378954
293356	38	3563.32540766491
83590	25	8367.48333106166
303130	18	6575.06547578381
671241	53	2307.68007408254
476952	111	1122.75953293907
260888	95	6122.8996022711
361260	88	5978.78942111451
67128	67	3164.45480476341
375237	80	749.544937372927
990426	71	2256.38548999856
831276	32	8391.12440682534
86129	111	147.889884769865
259947	53	4059.6994028239
288527	58	3849.24699782824
494604	6	8220.30168782002
556589	24	689.551296499349
423907	93	6935.96273639051
333049	28	2895.86258777225
318269	15	7602.90299826437
676359	14	5349.75867082819
96620	49	5552.54260420452
949728	6	1908.46599964819
250963	93	168.775632404152
321552	56	3630.4343698688
738604	27	2688.66287962937
253503	74	5239.21199494005
331324	26	4820.48467598878
68480	93	8154.40239727236
358941	73	432.549073562282
249161	92	8095.02125642962
443399	88	3412.30546255238
301083	109	829.883115612847
114778	76	9976.94657611518
990092	113	4172.84000910485
70629	82	3222.86542934499
476724	112	204.0814218596
377655	104	5084.00847850554
532017	68	8960.1208187454
396223	93	6330.4436762959
352776	110	4393.69623851669
143928	100	182.312716582004
921312	103	7292.40574678052
975916	42	3077.1116512721
188547	48	9823.5600496752
647554	103	2663.71650600979
662062	115	992.036577170732
945547	25	6658.25165331282
525822	66	9044.71296372111
923256	3	1827.22928180696
74882	99	1482.6741666918
668499	13	7162.44530196416
959138	60	1189.30350625389
549872	103	8236.0281339083
373195	39	5971.18200034424
122573	101	4768.86577972624
323557	87	7022.40005718656
356314	119	8118.72677603677
891231	31	7183.36284509085
911470	17	3033.23173729388
516119	108	8448.58687848253
34030	71	5272.59273029519
315070	90	3034.27384297097
314407	115	3696.39866668563
28601	81	1092.19668865772
585886	110	8827.49492788105
619826	39	7039.64216678387
775681	95	2979.87029868172
703303	97	8299.03740920082
319785	109	8531.96094768679
211535	96	3688.46948770269
19385	38	9584.27969007021
38890	7	7321.45519569584
543476	67	989.079619426783
327962	32	7622.41050327309
657463	60	3324.5119535944
200592	34	3365.52595364187
808366	85	8145.95139326805
51987	82	1212.17724895672
952712	12	7810.16393243808
881582	101	8398.30798450779
859268	34	1731.20932883174
512441	42	3704.18983469912
333397	37	8735.79406777201
790320	120	7668.96559510797
975761	33	5351.23066797444
856572	19	3233.78901809165
822590	76	6378.63368432905
359805	22	999.430820159349
401397	28	6291.17497079595
60431	53	9604.93597723773
460742	47	7202.04219208194
51743	89	9817.30139028155
383661	42	1603.65008218384
896274	69	9813.83146802608
1633	83	7059.89454931575
399190	119	4220.4973216264
694983	5	9381.51940623369
347191	25	2193.07279064929
558437	111	1158.81775117424
583017	56	1255.85903234587
174313	37	8649.84251221169
511259	26	6263.44643396486
422327	45	5308.97620576852
20296	113	8060.75562260149
61620	66	618.804214484433
111915	10	4873.38635463891
5096	62	2419.45517529708
925562	34	4107.46789123279
110333	60	1926.00408346672
778204	8	8096.40114023183
77090	64	8852.66112696969
77021	29	2782.79853131752
896301	67	4855.07971609714
198304	3	6283.23611071484
844982	6	944.998163424897
338409	38	6544.82652877682
735791	68	8599.17479306421
108809	83	9499.87878827373
105693	65	424.658697342807
476538	107	7159.83212001614
824415	66	3188.69357769782
881670	82	4206.83595519831
630636	18	3246.89608171903
515674	66	5237.82931283947
808411	39	5055.46990114053
454986	40	2384.13855684183
637563	107	1988.68037047269
942537	43	5016.22525086451
90444	32	8367.18042794018
728174	21	6964.97004025847
132735	80	6591.43227580536
493159	78	4652.10839354066
261704	23	3651.57166470381
81990	28	1763.88809236879
661702	47	254.058823387166
547022	76	3849.15408233607
550143	35	2183.18068142197
642602	19	104.788732158387
450186	109	2023.25317632558
348733	93	4302.3933960136
88677	119	9770.96069328066
607208	67	8779.1989256531
587315	30	6684.08239063997
451483	38	1560.21048299047
755338	79	6789.98349937144
443888	26	9696.43793226985
47877	74	6305.92748457842
168677	60	8811.20240032263
325274	54	5241.70944166449
130411	31	7402.7409690445
380353	61	4083.59733195212
126540	13	2357.35713106457
871496	86	8360.39704380575
325188	59	3944.06571553278
44621	51	9758.50826090132
691196	112	4955.59737358969
181390	61	7073.01768817614
898104	42	1679.4678514262
564876	17	5046.93870537306
733839	19	1160.24615571846
390472	27	9898.96319592323
476498	94	8019.60232538153
367459	113	5625.80083861286
483633	101	4967.24270203488
497	43	1420.93242375224
66579	90	867.326072029456
502519	52	5109.66644511077
624809	41	7477.73637509799
564834	7	1711.77230682772
31746	19	9676.87749931443
54901	14	5715.86772297317
303865	95	2755.1949498035
290474	95	6366.54108914851
600825	40	9924.56462491516
819132	106	6714.49459242378
992064	13	9922.9953696127
630194	68	3868.67452774601
604126	25	7241.31752221906
417968	41	8787.91518252712
532200	108	7372.46631722546
571967	62	8030.67626619277
608765	87	7398.69577288567
907222	51	5649.93611599781
942973	102	9569.22438380738
404291	88	1112.46211301184
782520	14	4589.65944637994
382524	99	9511.2656175677
318835	28	5818.10821486549
124132	39	9026.10495259338
433681	17	4585.99299783166
209214	21	8932.11212937353
677770	66	8173.87337688071
934204	43	1659.97092186472
148292	37	6854.88435521484
363147	21	7217.84489295345
868567	118	4693.27594963521
859891	13	2395.06188281582
150726	22	827.669845999996
407755	58	2926.8896176605
477529	3	4191.40215026746
735360	12	2886.31882289719
397950	59	6892.88355065178
14616	67	1982.71228693552
925177	41	7575.44233741958
649243	20	5369.54828764757
271305	90	652.79609912671
288549	22	3351.97814188524
147982	29	484.093287067531
315714	117	9865.89066063328
301254	16	812.022835627209
576081	117	3440.1528279484
690459	14	2177.57522877193
283128	41	6894.34024705288
110198	45	4372.11743950477
941216	42	7674.26442893886
290956	18	310.542075014926
190776	63	7303.33539773865
529453	46	8431.9675401002
73281	49	8531.12998676073
593112	107	5129.43367554314
752957	31	4373.83613869261
111030	92	3609.89315407811
417019	68	604.234963890274
982849	105	4206.60154815139
289340	100	8046.41493812502
196923	22	8955.42811847079
940692	90	8400.45681949726
237764	35	6028.05463496039
745838	38	6069.01557797986
394693	80	7003.44618191172
56240	21	4436.10413229843
3210	42	1229.66791844446
643385	21	5798.66169616518
525845	9	5807.44745871399
372023	28	6517.00370726967
560220	104	5437.00274980487
189865	25	2417.49647707562
115803	117	1501.70043353071
681140	89	9686.34924603922
17532	94	4618.71473622449
684615	111	8931.97498970291
845427	116	7121.47573354723
699886	25	4977.33352732721
215626	108	182.391128867115
510110	104	6886.98153369454
916598	120	680.172225544309
949879	6	4457.25257422647
807145	56	4769.5814572133
776640	50	1973.943318787
555318	63	6026.32414788302
363105	22	3877.87219797162
865666	80	1457.22581430209
159388	75	2620.62068261235
26051	42	6722.08838589587
504822	44	2977.98390443343
868893	78	1146.93909443307
774930	51	7422.60282990644
793426	107	7450.04842511846
692171	84	4704.47153574995
721996	108	5674.78444314319
877302	83	6857.61956510023
23484	67	7329.07960448837
47828	26	2121.96388450543
357698	71	3843.52314534761
386678	4	6985.717154567
145211	5	1153.82710357841
797387	31	7651.80792773692
344868	102	1099.96222020125
469435	30	2917.76922103845
498328	15	9714.62895083922
170227	34	7290.67925200364
538544	52	6590.14271664905
525229	20	8095.37723501929
51298	73	4442.11598361941
278089	110	8318.43060349041
765617	15	8719.20762207322
886522	31	6736.52114222595
452479	31	6563.99472051486
537711	54	8416.40891815369
68306	7	3136.286695365
415563	119	1058.33466442224
17644	106	3204.45795525073
365202	16	5967.52739500605
661058	95	8663.68376266383
172363	76	6420.25793931459
185762	24	9334.72161848783
545079	61	1390.51617434738
337653	72	8592.18682427527
617740	39	342.282956811731
228634	108	9827.46736855594
429112	50	1261.37178156589
618733	16	6153.89125927067
780948	81	407.961739603412
435510	86	9932.91017410015
324730	3	4655.60260613244
691007	10	6228.10272687492
244698	59	2618.49917597999
685532	39	5422.64642804984
64869	6	4013.20265574064
167957	113	5674.89159445972
176555	71	2290.8555793999
997563	29	3863.88389163831
53855	97	5105.09933633967
464950	118	5184.38873816486
403671	92	7898.4058422029
117656	19	5894.73566966818
823643	61	2609.91528276816
658441	9	4209.57515277414
328692	110	1030.68574770851
259532	41	924.845132010451
873765	15	7388.4131512085
91095	29	1400.07642935965
456602	81	7846.91619321095
757105	9	2692.83523470761
634798	119	4987.3739463684
572992	3	5608.56675971698
191674	7	8965.86741258663
480276	102	4423.95669600179
809836	107	5243.2116115667
542865	107	3229.79414059305
149343	22	4786.03931026814
266144	98	8808.27714587016
966403	54	5315.76131867047
820870	46	4735.26117128099
865789	40	4434.74503058695
369250	37	805.577649132152
411865	119	9037.11907804809
847827	100	2925.15549786629
757928	50	2688.06985704604
337968	21	3503.80288129849
716017	116	7880.5283667429
864779	96	8906.93877088229
564472	84	1851.69202464246
370559	116	5761.2376870407
667010	14	6772.61311522341
806086	3	5284.69811835545
342008	40	5956.81792910063
868974	107	8956.23407911334
457141	91	3449.10185991279
977217	30	4103.45645905633
937452	59	2825.59590028859
955390	8	4054.77723747249
232359	42	5286.34493308437
793143	26	6048.42765319554
491122	39	336.722903902048
900385	62	7388.57359466542
792776	92	4051.57410784232
266164	38	8420.19756982112
574150	22	901.694947854474
825267	9	547.441414626055
652553	73	4621.47270130062
801423	120	4906.61571910913
161098	102	584.446577953383
312414	90	6739.9500857759
372475	56	1237.61214000993
38716	68	5815.97481431252
504623	12	2481.76560899325
582648	71	4792.90500678723
306309	106	1856.27434195777
140310	53	8822.2337396919
559442	96	2906.2504337664
108067	120	6064.37201158347
222172	17	3184.21489423337
757949	7	6648.46654327049
319399	42	252.498041350626
179807	90	8513.8393840817
182323	92	6135.48251741355
599501	5	9707.65331853537
998878	115	337.570682278634
726632	93	1242.0539615406
615012	104	4215.87351850042
60373	115	9545.43491985902
8745	64	4591.43605697501
573557	102	4378.09827904128
593910	42	576.554067282264
669677	110	2473.63492486702
254427	35	1511.81699671401
837880	86	6726.37880888133
571087	99	7725.65540449026
821639	82	572.660703013027
728894	22	3609.29684453145
738241	30	1809.99614797067
444823	64	3869.95291675904
834771	43	2245.56888660675
643954	28	9157.1593522826
207057	31	6915.3791219999
248621	29	440.907397186806
644354	64	4956.09488522452
328276	118	1607.43055562835
113971	108	1497.39143205685
471542	11	8486.22195398725
629015	113	6883.04806662865
54837	11	1109.63818277681
472673	42	4014.48707008478
381154	49	9362.33395909068
520249	112	5013.46759927155
359846	14	5813.40194261326
417175	49	4540.85097291546
937116	96	6410.22652830473
329469	29	2571.85938836628
363419	61	6266.45256246741
125363	106	2742.82183327844
561396	119	2862.90650226311
529453	14	1764.36122607643
629529	8	8931.67069895736
726457	112	1354.81688513179
215663	8	587.874788505898
493970	120	8046.09463207708
317823	15	6867.60467280056
441541	49	1483.5732272284
818527	28	8477.67501952018
24399	103	8357.60772580169
37051	76	5246.06023782215
351094	68	9416.40365762469
872722	64	9940.78418004363
155354	61	3502.9565320364
165500	47	8702.61182258958
931409	39	1847.93511314687
678208	46	5122.82306213063
322121	82	7777.78037324444
711233	117	6016.60592500894
716334	24	8872.98332865955
168755	89	2000.54900497224
212890	105	3129.13322589785
760096	107	4957.08767723157
65182	54	4725.16708207557
187988	21	6104.96788961113
366989	102	281.689069411573
310253	66	9056.1584420298
818963	79	4955.38969098376
177554	115	9442.54852814718
245422	13	5892.92522594003
927501	12	3493.81842361475
428732	13	7636.57319845472
252427	61	5126.94715923953
12616	109	4285.19223285149
410675	13	9265.20077663716
420978	4	5253.62322235183
566375	31	1377.78524443404
156571	105	6483.87785217905
805865	79	914.167950262394
457875	89	9150.70924225762
640951	104	8029.95383498722
939763	93	3672.17403737464
408517	85	772.594262926185
772445	25	3501.07340631125
142397	86	6370.75889928767
762894	119	5641.28072557099
33904	36	9412.62909887015
488711	70	8433.72594562067
499758	93	2172.85595157782
202954	17	4405.40820979765
629268	56	7695.83899131782
827603	26	506.176213131368
562347	95	3340.8400707137
950050	111	3177.53787770753
16424	41	648.328406013701
906885	11	1690.88906244882
337833	61	6718.05382972493
86778	19	4502.14962586861
63545	113	2945.00940178754
988252	56	106.792521247078
483804	53	5786.53363589502
446668	22	7404.99240062432
112523	111	5120.58890900602
560379	104	2112.20748583423
210227	120	3770.82136202176
240818	117	2591.04958846748
721226	82	6984.70593159306
901144	84	6305.11728730291
642056	21	3202.2778134338
409838	76	2689.23450698575
384489	81	3377.66251483823
315479	51	4944.89923456912
397615	99	1658.42834951283
651431	27	1601.6709522352
461704	52	6430.13086613739
889081	37	1457.80822455781
970218	43	9689.7630455856
253964	23	7810.59432640234
257953	15	7424.5864684808
612065	105	196.471419463154
330587	32	3040.34621959568
995047	101	2056.71730281632
510204	109	5903.45352161836
278485	108	1594.0534400726
762656	58	4666.95072025384
896817	49	2748.28535180925
985973	38	8677.07145366681
603648	32	2835.1688513696
604516	87	4948.18015873813
589105	5	3176.3574567979
946029	96	9534.0112332413
805574	108	9559.93237358515
395043	51	5845.12039192259
181510	72	3906.05346444345
148457	25	4558.90194287473
411639	114	7068.768815542
35501	92	7105.6844609816
445984	116	5698.32363687378
168989	32	149.18394794184
738423	115	1296.20887678871
675672	40	8854.43214557806
270585	18	1134.49908612971
783668	114	5801.44011601873
181079	84	9872.72098426368
27853	67	7110.20666328734
578656	76	656.954965208171
789744	59	7785.86842365836
618730	30	2672.90934951646
962255	35	8303.15796579381
378620	3	6482.37641988433
346654	101	4607.0628108024
133816	89	2803.82459033459
792747	35	699.796775029877
593552	76	9950.67426546042
673958	98	817.341363577797
654887	95	4204.85706958215
837896	81	6268.13011237799
83510	25	4828.12108473299
567218	111	944.052200272704
775628	82	8561.59771194756
954747	98	9428.10734465165
638175	68	8565.56288230492
935991	29	8136.69643860157
66235	118	3562.85624781756
935968	59	8568.09445720543
606560	80	4286.7993228076
666635	107	4970.87549263187
126393	65	3494.17498768036
312	3	6427.23690468224
149550	16	8135.75061836082
112761	106	6070.83556911481
467319	11	8111.31278821794
515082	26	2640.35533845441
396953	25	5618.88271203213
608500	52	6828.985306215
317186	115	7177.04640798133
949658	69	2717.0431572092
745306	54	7918.71354990579
595424	104	2876.78398768268
436728	110	5577.75047811575
295698	68	1215.68238274925
952939	32	1149.29814755418
780432	96	4158.80231534075
733995	88	4663.81764028399
387630	117	6970.40421584174
128988	98	1165.83572214741
389479	91	583.448650354263
875244	44	5563.42476707111
204285	65	4444.14371268085
353430	102	2160.02151228488
778676	56	2943.44761476081
654149	3	6380.58885586475
371370	74	1835.12521774281
199396	65	1716.1116654594
256707	70	8362.51905754326
360465	61	4722.16530545715
664621	53	602.899958893144
826713	113	1695.84494568214
249091	37	2067.80134885004
413338	56	7244.09017029409
116140	113	9471.48228332935
212902	64	2823.99267355166
519214	57	9690.33700101559
25960	60	2162.92545449125
839725	13	2295.71925708825
322855	76	7815.67014000177
514872	90	391.710619484871
601701	87	4208.74740505067
826682	44	5219.89188833157
431451	26	7125.31702272842
448312	107	1584.97645165072
320062	109	5973.35452636394
536954	15	680.992090087846
24989	77	426.969769097385
40848	7	9389.93698739909
16367	31	8483.24015270138
704252	76	6756.18907686145
584387	102	7116.7564148627
730475	85	2236.08597434875
750459	8	1698.67233345223
711146	8	2715.53609143735
867693	76	6097.84973771211
655392	59	1910.96979901705
646364	81	5212.48311447561
755718	21	1232.62645282439
491265	58	6845.31871105792
836602	40	1243.34277386933
666902	25	5841.33818971055
240122	4	499.59080745447
891963	92	2191.35669613786
510789	83	677.804039920589
306022	97	5860.08813495752
554855	31	4181.46612112479
427384	95	7640.56230417479
946069	39	9504.25724010182
812865	85	6888.97258061402
845847	85	2293.0259248675
97295	9	7324.51220067428
947804	13	8625.29037595973
252218	29	6116.37155479583
652147	75	7201.01996031637
177068	32	9840.81309891344
425762	100	3627.95372676475
811879	29	2423.34177662774
930733	20	5355.12154742848
170904	3	8769.71602261519
707223	106	3243.2031392321
569368	102	751.016796217774
646102	102	6337.97004322427
877130	103	7166.97654918161
673348	12	270.91629373418
544187	93	1752.29653550885
63631	84	692.664779160481
538436	85	8765.09486565604
492820	10	4734.33152769428
315896	34	9117.20129266251
20121	84	903.067667644037
946410	9	3470.4700489391
200426	27	7725.63889130281
451002	118	4138.59488998474
874782	18	9725.3680962256
730378	98	1516.0713967942
908496	57	3832.89484853525
946716	39	3211.72413114073
464771	81	1916.39509565029
893611	5	7872.49843057827
760403	3	5819.58661536667
224891	18	1674.44110716434
930211	89	400.118823815193
830287	63	5606.18761601215
168118	49	7131.3749191963
149459	75	5727.63965252211
184825	84	2573.85108530235
907651	93	8028.15664975352
562250	101	3889.31096405224
738281	23	3963.48014369769
801496	103	1938.04133042602
55650	9	9792.63570857823
531905	77	9997.4860493082
73748	4	858.517153215835
902157	66	9506.83187283894
787290	117	9173.69894607631
229613	22	613.035722921153
381979	66	3449.55769672504
729840	35	2411.38795768441
638961	24	3017.33554467435
480032	105	5700.70029576342
141698	64	6696.86600877758
24096	51	3456.22128418471
380586	99	9778.5267803718
368858	13	6802.97338022058
778257	28	2365.27942724772
430727	87	8690.39827361256
500564	22	155.541755610864
793538	66	3156.67863784203
261635	56	7834.8927579517
652049	9	4545.61199869291
676017	7	1524.5029510113
157227	58	305.607946592201
307370	56	5602.65018423211
588482	106	3487.91973972131
442145	8	4549.58172377645
155323	45	696.117579702343
61601	112	4778.86309483036
935704	39	7061.57102047539
865095	38	9781.05178134565
430004	64	9619.02406803287
432826	119	7707.48330555273
973919	104	623.002934420017
749760	81	7422.99366505956
17857	69	2699.03826466717
555603	107	2969.38432323252
807066	34	5006.71767024636
947294	24	971.179702259218
973260	90	1357.47312030637
445986	35	7296.278720813
510832	115	1793.11963352054
967037	112	9278.89829505184
281642	5	8884.1185416021
191533	67	1908.59874133421
155675	18	7025.79633855531
548493	96	3658.74627584533
575440	16	4271.38376905182
524546	108	470.258781113782
932565	61	3437.76333468862
584748	101	2522.35223926713
208489	68	5896.78986500799
497965	13	7144.85875733423
565984	22	6441.58041972741
80374	87	8701.98522042576
537486	13	7214.34131735672
47509	57	673.785429901343
801926	50	9448.70217067595
521843	93	1714.02405189072
208681	6	635.121793036872
247068	69	4336.68803625586
293759	88	1913.59578767493
445541	113	9935.42828305412
854490	11	452.575388621807
409440	91	6351.32173437221
747363	106	4035.06720850014
602689	4	8090.35094254201
955464	22	452.572332160814
15434	60	4416.90208437708
266252	106	7879.24180411698
169180	5	744.793265380335
506440	54	6084.8932612617
742313	90	9968.34022275561
18788	92	1656.75933279878
181626	87	3980.66354895973
826159	50	6522.40138050281
20195	8	8927.2392131515
431732	91	263.82431768059
629572	99	3974.00687196013
719047	39	2433.32074835585
470244	43	679.142908136893
600527	23	598.025313903589
257204	41	3236.23670397151
435877	62	1380.67985129574
543529	105	2583.421436317
843723	73	4589.9051296012
602641	33	938.015219586909
284306	119	8269.7223524422
374318	80	2746.3328587107
409128	51	6240.06979048255
474301	99	4401.84795367618
919630	113	4235.38324555167
429203	64	5457.26698937699
877387	9	793.245165559112
469055	36	5469.28751569674
807160	46	8874.48728725989
37530	73	2289.93895919525
582633	91	634.389192068199
28884	116	3611.84660145633
819945	39	5225.23409348225
235963	111	9206.23450312122
180560	99	6891.49679326988
719880	78	9289.31338642226
749787	68	854.277874088976
70996	38	2129.33994546968
108011	56	7045.31766909422
572097	18	2991.57911208066
573197	36	8153.78687305087
442697	35	808.569758482543
461876	74	9789.5027300294
833318	105	2118.54266739383
225664	68	1386.61474249634
416893	77	4775.40987938429
354836	10	7280.52234630125
630302	113	555.204055670278
999516	5	4522.93637274901
658718	19	5093.85697208059
770183	115	1898.74065886193
683270	50	6426.24710920558
443644	38	5428.75743686629
669727	40	391.993565713984
629320	93	6887.77931611416
536641	107	7458.32476828169
716659	105	8218.33826430065
329836	53	737.715764873529
858778	52	3568.20137573788
691920	32	2575.32104480794
492418	65	4789.17847088965
556669	51	9159.21015001797
455140	97	1651.09889612119
406702	8	3443.96168084068
624548	31	7556.3543282246
291432	4	1707.86314392829
501815	35	1450.85835780523
441610	94	2792.77608315124
159388	53	5286.34160463062
958074	80	9793.17521312888
296856	42	531.566336020625
136818	119	7848.96362100214
539010	59	3667.49383493676
775167	103	1002.22732983633
29689	71	8223.19635922238
749723	37	1927.78042667908
680057	105	4201.30842616843
598897	51	9814.5438677699
911214	111	7600.08547138427
442691	96	9860.38656908105
975968	109	1475.77969887097
846888	26	7080.69821967776
291312	79	2597.57003858572
523463	19	5381.19834600072
233928	72	4283.99268024787
456669	16	1979.96647394261
510335	26	1373.36579546023
406381	98	7900.07023043002
204230	14	9322.7067348653
502707	23	776.271867787592
141542	44	6884.03784827517
232820	47	9457.15608361976
122601	51	3880.03566985952
184330	25	6530.0392967323
778136	43	7336.81429942921
836426	48	8192.30250436454
988443	11	8063.6360489594
770170	91	5918.98492584889
650638	9	1079.11365720402
176609	75	1104.61439816496
844874	30	4764.24234540399
235480	114	7879.30097867702
286554	53	2183.15495275108
741114	13	7108.08354313862
924179	42	239.160885680076
768197	51	4705.69272791301
526184	83	7177.73857884004
424429	62	1153.14204602183
997215	56	6079.59004327636
724039	64	3341.39325327305
188653	73	7983.24529313633
786422	43	9566.60836207057
331279	91	4015.45817182188
433455	6	9586.70687968224
982198	12	9753.64826203028
181171	92	4199.74107942532
751999	47	6485.95657757761
607702	37	9294.30018923911
275331	80	7308.90159584065
155086	111	4929.75340542838
96746	91	9113.17555090095
488904	77	4971.44523447912
113171	65	9942.57492965207
374758	38	6619.43857256297
772838	16	6548.8071243506
496078	62	4282.75668983476
507478	22	7008.57095881764
92991	64	1476.39221734199
156457	28	3138.28462508427
173138	108	6856.91940042047
738754	99	8300.24986532528
61874	93	2890.84200714288
662379	88	4554.92042068155
934546	24	2395.67866097003
444549	63	866.164727493266
680027	69	1906.71092719152
497953	77	1606.3305754244
846367	30	7551.57903896253
426	120	2346.8786930418
722245	26	4244.17267308765
14011	8	6375.96408001891
901824	100	4922.83289545348
816039	22	3547.94022489709
620991	86	7853.87082675187
365683	79	9826.36905718891
670472	93	177.957365698161
43218	85	6521.43512392483
426432	72	2712.70133220251
479041	111	5843.09013655553
706899	16	7737.9404138019
490728	35	5281.06082835284
889923	38	1494.82110971344
868031	15	6892.42575917972
139313	21	4078.65658350226
939566	110	9218.34374979061
758786	42	5894.31575895022
156099	41	2297.17915747183
173406	86	5097.40635310179
119240	10	4592.44110709636
348704	95	9083.28389715556
317781	92	540.007469914857
751009	40	4380.75237515417
296681	114	3568.24833828409
795188	105	6651.17219353615
835880	58	5441.58937290385
504304	37	6855.9240913279
126403	22	5933.25322337134
801684	39	7956.23217101965
395171	101	5710.19215151211
246911	33	2447.4555066542
917191	29	3336.44391630611
750078	83	4076.81141690203
497555	33	5973.52614457418
156637	15	3981.22011529339
247385	112	4615.11243186664
672216	108	2459.66018590129
251579	64	7728.78391590378
227651	6	6236.937627912
459014	110	4547.05703628578
947412	6	4838.95981634919
194408	31	6829.0783231282
42823	21	6436.72588376176
63698	67	7903.30658466709
725873	107	424.03210439907
569727	103	618.47932605002
225467	92	3829.79881029101
792069	119	9391.65226593225
417225	9	7408.05118969085
577279	111	2087.54666773022
375649	57	7732.62069184921
754585	15	2379.53233643413
726298	76	8690.49422712554
101450	17	7764.49408943974
468121	29	3606.9999763309
147728	100	6375.82958190508
50476	83	1812.13895762905
664837	17	1608.26142435347
935825	110	474.48426237073
907776	66	1961.31802809486
760718	79	2463.30495800977
553959	77	917.278556254356
914674	24	7849.25561214297
535318	117	2389.73505678109
254962	60	6417.43236790292
377946	64	7663.47560568875
461492	106	2336.79847085699
649652	88	2411.74391783389
879855	19	3461.11362253368
91611	106	2012.21825495
88865	70	947.002892963124
821706	93	4803.15334815679
468408	47	6016.0566978697
794427	54	6456.01544881054
537706	113	7106.287450486
365125	48	6398.10624979348
460797	58	3979.92236869406
509936	115	6625.84989365463
515552	101	9188.20146163376
259303	51	4934.17400230382
215087	50	3122.5274207641
977220	74	4060.57284072068
413314	62	7168.77665718495
396221	10	1533.52585897479
832691	39	4508.51065596031
236369	32	7953.66773570593
773044	13	7590.57478359461
869453	15	4160.54264947797
220586	111	6224.60351699246
69047	87	9342.30913307625
91646	65	9655.43582614299
700385	65	439.341083094171
424726	33	3320.80034963824
644837	96	8791.6643030437
896117	44	4087.83791572221
412123	15	6467.72439129079
856313	47	5883.15788762791
234844	59	3320.76769667713
501886	7	3012.79641427696
142549	96	6945.41227652012
647287	87	7894.15225810099
659709	74	5414.4874981672
981787	9	7861.37438316894
869599	32	9916.11102545453
475187	28	2973.33207222323
644198	95	7556.98017434076
881765	68	8130.44966851848
13457	28	3460.9201066014
132273	54	603.523518426122
626191	47	4940.39892537538
637794	55	4784.79514163211
69988	65	858.09257252053
407393	19	7477.22290348132
590581	10	598.053536609771
131324	97	1396.4415411914
460815	80	2686.36271524539
451023	103	2659.47978084883
619307	107	2418.84209440036
763779	98	5117.76540289529
581228	53	1818.90897262791
108456	66	6827.2527353965
844294	82	8075.79173723971
28092	101	6949.99657154549
882411	95	6430.81571163182
694579	19	4917.59289964921
262991	16	4155.64409678599
656037	92	7778.75182073505
640586	74	5293.59473869838
220194	26	5582.22321922994
429812	91	7230.65508801055
943080	78	7135.54578983949
389117	47	5324.8845735215
730064	69	1405.54476077927
282462	11	8244.18702691057
591488	99	743.29030255009
161683	65	7489.9257213296
519608	17	6928.56108044673
558052	31	6775.21189538539
582021	85	9356.18939835401
158858	10	4771.8964751679
80452	35	897.053847833096
334021	78	1537.11854216509
880587	54	7636.96787838683
830958	49	5565.15456725152
624554	107	6856.373404924
468159	28	7855.03638026073
165856	75	6694.66945980427
425239	60	6377.85898902354
716760	58	4095.52630735353
351835	23	6868.58326125358
157923	28	5045.31823706129
448259	11	7970.36814176029
737903	73	1857.28379467376
313350	84	1054.61562907073
871259	96	7320.97114539751
508968	99	3624.92482463127
639191	55	4813.00851707952
251200	85	4587.80123795746
685924	55	7900.65898411007
771625	114	1796.70646656151
360202	108	2703.28656104546
104892	46	1824.45252618028
17163	75	8116.7474755164
407877	27	6263.76999931585
74881	66	9218.86092788487
112931	100	7056.16298385717
97738	108	6566.18389341337
3285	8	7312.56442089219
578521	55	5253.78924396531
505948	103	6325.81026583249
284316	37	6599.77718419385
466445	24	7998.45812008644
370471	110	4284.52771766322
352447	13	2095.57091970722
90714	15	2418.16074332137
90565	67	1639.22088478656
704529	30	6261.93136515186
700917	66	578.559981602505
826472	84	8493.44062334552
741787	105	9256.47099388599
526932	3	7660.02978014761
520690	106	9159.49329447909
460702	73	3679.55315018983
219722	89	9154.76642914804
971071	44	8095.11731136363
192239	62	9408.66217669503
767438	44	8964.14172456793
270808	63	6219.24808561767
543860	111	7565.63130508439
234482	60	4893.58877348415
356461	38	471.763352850342
217688	109	881.250851918594
238264	46	2316.53712178419
747526	107	9466.22517503157
285482	51	5048.44842192179
55144	98	2001.93779077471
648185	10	2008.56661848191
17372	7	5206.4736465488
502385	37	4973.74264205515
669043	23	9591.08294811616
173082	45	1207.12050251063
894128	23	4428.1178348363
622185	95	4534.51388740657
328612	4	1445.18399417642
317064	23	4721.09052376872
875169	70	1140.03918675708
12180	38	1252.35242333838
832031	46	4270.14515552211
649938	8	2664.28846528953
795078	58	6169.76041396603
748061	37	1990.18183042769
827406	21	5342.47009011101
742353	111	2433.15219121666
471079	101	329.282191642226
727262	63	624.837765295449
432061	25	8660.58223385391
243262	12	7201.19429845418
8745	6	8770.34434432646
410660	73	9905.00108017819
243209	72	1395.14626096708
114111	44	3207.85108795755
462554	19	7240.31238911688
353427	56	270.930769280964
37001	16	6581.19726669099
794711	9	4732.5521049707
339704	99	8568.19832155863
946343	30	8527.58565835077
923089	58	3941.31473467746
455115	26	2724.7774141956
856174	52	5634.63698436256
237968	19	3372.76113618759
874853	107	4806.44848970997
454660	110	3763.21796121226
51449	16	7425.98251049686
239067	16	9655.60084276628
303746	64	9719.51295422367
752851	91	7833.89886414348
106011	41	3579.30269100671
992498	95	8837.80678647468
866625	113	9432.55349501621
15929	77	379.947232352545
666230	49	9716.68255148301
917939	93	1793.96785907166
668877	48	9093.59918101393
73050	7	1313.25907013996
227074	67	3673.14389439912
913724	101	6846.98829480772
714471	110	6771.06335580864
281906	50	8230.46136877055
571323	100	1096.37807942758
157923	95	9706.48307199892
376577	106	4873.21578290929
305276	48	7165.61126539745
65846	90	7557.93539446682
91010	52	3714.02116507013
158618	79	2930.88594271377
840471	22	2446.06837124846
316329	62	1147.61827418004
392883	22	7253.119430902
217444	83	9940.48517241165
251631	43	9398.43573765756
462831	50	6046.74437760689
450255	9	1691.7916127908
19927	50	1660.69708720813
736105	53	1037.00818248885
346547	61	4970.35662265045
332539	109	7568.84385304006
963659	91	6604.48787287087
598628	11	2874.07228903569
160285	22	7158.71988630794
824885	45	7117.80201495523
824642	102	3996.58321593729
68434	89	254.22671206958
569605	113	5957.50650412287
808511	72	7710.3895850528
433236	106	834.02686074098
93018	42	6730.55115012943
976182	8	7775.11722760979
791743	75	5987.56286100837
798953	27	3353.48310086573
492032	11	8929.21662816276
745492	106	518.416468109198
757499	112	5894.09849205711
568319	16	7651.76404931199
422375	67	9707.25486297498
146969	51	1701.41449067807
813898	95	2046.84854808582
183666	103	8348.58696611998
86641	65	3185.30971579501
638440	59	2366.05135191514
818278	65	5280.67524404296
853381	55	8624.93226291842
286743	82	7106.05339841268
505016	77	9474.72372705802
929836	39	2266.95905633595
651669	91	5062.07628253013
510047	12	2126.16466052186
753611	49	4282.34164732617
542458	16	2279.99660506844
340196	50	3582.61339146766
235751	63	4528.92176240167
343620	109	5864.00145150907
529395	96	1095.16070438324
467659	57	7354.45849269371
577545	22	1622.46221235137
583924	87	5478.06958098806
300857	19	7770.70064608506
80894	18	4093.1808031598
31521	46	1465.70221505393
577861	68	3361.97803861554
859041	78	2801.11961313576
318064	120	1242.26592687995
310212	18	4138.78051351699
821	81	9651.24659829365
449470	85	6177.25649749732
6345	118	2397.72440609416
632490	107	4032.50960066566
585178	55	2755.52135494329
816191	111	3925.38786219684
979942	42	5408.532627024
5707	19	2421.27724095307
89591	58	8235.38725903974
453956	14	1743.25880624506
656026	91	5888.23583106894
293914	118	4741.68333981265
622137	51	4389.28265813239
167463	68	3932.08470653374
787517	101	6759.59932667185
26437	116	2048.65846165859
851513	94	848.993045580105
946206	56	8023.72077979321
285583	25	5334.94308699618
960335	77	2348.15282237164
202359	4	8818.86619274452
221197	30	1408.18687538066
956981	66	4720.33144730159
446276	93	5153.55546393132
392085	33	7819.97992518357
146978	66	3134.30104681025
540348	101	5094.37830843701
897534	56	3260.39382375795
757681	39	3016.26185095695
613260	34	7874.01193658542
229690	12	7822.5849427388
216196	120	5449.81323529492
543311	102	6058.77101223859
996794	17	4280.37067716027
496281	27	219.068563971235
517129	94	2090.2443518351
930120	88	6574.33694087636
399865	22	7930.01868456137
311516	22	5610.62666690472
460525	118	9216.3649287151
431266	6	2853.59677563123
826357	104	6902.97400714037
57298	91	2645.76158637449
683024	78	7016.8092183847
293602	5	7218.51955946466
833195	108	2575.98037830367
516233	64	5382.54536016963
359175	93	5455.24121497536
181876	87	9121.19324739147
644263	60	8318.91462612847
669862	114	8653.31236992651
949137	85	1005.43595003217
381575	8	3524.66248074764
132235	101	385.797492314967
718781	95	890.570559301679
406859	64	1558.02598006931
457237	78	2796.73865805228
849245	33	4561.37166016799
965560	90	2718.98452165489
802957	67	1500.99954968365
948702	90	2707.62004647759
390693	33	7008.48326189839
231040	5	3250.77803612257
496835	113	8476.39427938331
387139	118	6934.36111855989
388500	20	9827.20003194511
369349	23	2080.98620701627
713705	111	8447.58843916822
816181	82	6937.59903560281
149618	37	9593.5799015656
642683	51	5035.36298863374
282103	67	1026.06279744118
765448	63	5302.59404322253
730970	17	4991.98805456608
642178	55	7052.5331529102
355376	50	2791.916406244
352577	107	5984.37279164063
845537	35	3804.49724178971
52700	4	8257.33712993438
774002	105	5826.4398417093
342034	52	7324.53743607017
548866	97	5358.81538887453
997475	85	4390.91690587388
59736	90	6363.89892844665
19553	12	648.116399183924
527257	113	4782.65161741648
212505	18	2821.21188874413
368235	80	4171.5148142872
326677	67	1394.73343589098
720180	34	5415.70030465522
718290	43	6512.96481304474
980091	47	7022.47473533381
238965	58	6471.78333460902
213198	12	7055.67342455297
776954	22	1518.50127867353
426192	100	2051.1015467118
77212	30	862.694169051337
436083	35	7402.83940276263
534304	72	7706.62597054924
902494	120	2631.96524238771
257423	29	4424.00537809544
518183	41	4000.42458348927
516385	63	7071.38028716267
259082	114	4705.86951398564
974499	117	622.518501487802
519074	71	4946.21794766105
842828	50	7227.48843768029
65216	98	372.634398179424
163304	111	753.169517476656
392670	78	7886.00147417095
148292	55	4802.05878475777
715806	93	8569.14754401387
914938	114	8379.13956687746
705981	118	3218.72671377786
45866	116	3009.4676562629
606509	64	3163.638798829
187278	89	180.518467948082
142029	8	5959.25777790102
884672	58	4235.68063966729
841439	54	4145.53249862303
992422	11	8677.5255386613
640987	53	5007.11953724135
521539	55	2071.70171117024
877070	39	6418.90022983723
100878	64	4319.1934989389
250316	55	8443.74572548258
942374	103	4030.22292527846
234645	29	9131.23675977403
468377	79	4014.41891054363
762300	103	3109.18574724774
107514	104	5103.57243353667
135097	52	9028.73104267229
226152	70	5420.94627969011
790768	76	892.76703912428
283895	60	4305.8190710404
752135	76	5365.0722457399
566527	18	356.539434174327
799377	82	5926.0289850766
9977	70	8511.00419611251
603501	19	7754.35215716919
817547	15	5935.70890307227
217112	92	4553.57335119209
508747	29	1064.11521125776
160562	115	8669.56818307264
823802	113	2343.16755470036
512298	79	7402.85456520638
157080	51	362.111099791765
995042	87	7239.6262067089
445114	104	1892.09282854204
350550	52	8513.09728180668
969997	61	4414.44663978855
573047	85	5192.0042034667
288717	28	7307.04589067355
532283	30	4059.85832957544
714189	78	1828.15453201912
157913	34	7427.38561510452
171725	84	9260.13071637607
215156	58	7336.03103865685
977746	30	3958.2729944765
55157	75	8978.37206296547
73101	28	8115.1738176193
453523	58	4672.64815255657
358152	66	2451.17113057113
453464	100	4368.17250725262
330616	63	1797.57432630173
764270	53	853.134905199118
305565	16	5972.39652176965
271939	68	7240.44380771948
324528	113	374.041306075659
446731	5	4666.29353042985
645923	76	6019.55147288719
162786	86	308.506093969804
870969	25	1776.86621298868
776672	89	7312.93014512068
663203	79	8697.45593708821
579664	15	9547.69912126833
437091	17	8094.96433157239
109337	40	5044.19458887735
730228	100	6643.10232975665
460904	41	5363.15839405319
405020	88	5281.85225812804
8188	72	2119.42231041352
438075	24	8082.40677168705
747030	7	2498.45052529054
230208	101	3933.82535415414
424474	113	9062.98393894126
79381	53	8397.23625928035
8864	20	8984.36477798241
26109	98	3076.36441801505
97850	65	8793.99188798573
408552	62	8651.88774101058
173687	35	155.143765665192
949243	88	714.265936899123
389182	80	9245.20610954855
268826	51	932.420028900923
718859	51	4928.64572644636
408480	54	8908.28058030842
569027	30	8937.0430077133
925942	45	5836.74705337582
553638	17	7788.83902253063
8327	89	6544.43656031249
245063	96	5387.61375620384
481379	34	5599.06576224559
356232	80	2197.155844512
402257	25	7717.67118154916
686816	112	7390.57040875339
348544	13	4099.72372264588
692201	119	976.189121965407
972311	74	2738.21236278779
107566	114	9184.63487130806
145878	71	6077.7884831083
201382	92	9270.07302440241
312504	28	6225.72401190443
559394	25	1466.30852379199
710573	89	7818.12067489052
141104	110	566.787895311968
612358	94	4411.21482644752
22362	98	438.733008708215
68027	13	7508.27650106897
170184	113	1938.37909472099
429379	51	3314.7751891123
714428	115	894.798082809336
525903	68	4329.97850968036
829827	78	7084.1723693461
417337	34	9024.86437057371
297262	106	2633.30000305236
518306	39	6953.88498462452
374564	103	1733.89369912161
685064	71	7688.04767578284
319861	110	6739.63653344644
445380	86	2874.17388985594
241126	36	7818.23297101922
908765	37	7771.40277003469
165577	11	3608.1093010996
891010	36	1462.6313845453
145112	88	5538.40425467976
623661	15	2177.20047346186
76053	32	6328.11700414313
793254	8	5636.24514384952
845676	21	3788.06480853263
424566	7	6486.97947318991
758254	81	9318.73848960676
445168	83	9811.73359710338
65144	56	5902.98965410469
160591	74	2482.82919748818
736816	73	5723.69923811578
324313	91	8590.88981989347
691967	54	8080.61151345289
133848	83	4622.34311961678
479725	113	2417.42795334078
222966	80	1474.13822718623
19436	48	411.445487389083
339465	104	6185.97203520405
816160	38	503.82876810796
660302	4	6573.81823685664
183525	4	6475.4331362785
324712	21	4543.36184409604
163028	18	4094.63325831789
547789	14	6055.12505073805
990941	37	9798.9816084965
420250	94	7474.65067257856
462584	109	8011.23001948522
402951	12	2318.17366993901
717371	77	7388.14767244651
444942	99	4529.33361014786
462918	79	4317.94959768557
101290	101	6773.74076031788
422822	33	7864.1323805154
171354	30	5261.03266927462
919495	107	2959.46519913127
831727	105	5718.56149314836
333262	89	5353.10238383389
723228	99	1182.59366619521
409057	23	9334.51999348333
839696	24	5314.07257095635
951928	7	3182.2497557766
266593	85	4534.13422239671
786541	84	4639.68067562193
660618	81	5163.1725147195
822757	116	6755.20165094882
796193	87	1992.3962986527
442001	94	7609.88398744254
751239	40	979.871894689217
491716	64	8290.60774971294
647743	38	6642.86584818869
335339	49	926.864982502006
388960	11	1994.62321861397
290321	94	1976.04903600926
508430	33	1915.18718503191
356673	41	798.012138296856
767466	42	8612.12547929591
44336	71	4696.0129343886
783781	60	4058.84082310779
881616	67	7224.08192661781
388575	7	1852.23098059754
456908	104	3955.36962391593
662339	69	2759.83486965291
41211	85	8901.38759692264
969759	11	9335.14113735181
866603	14	5295.9182898495
671816	10	9888.98719767527
439735	108	1939.22315278986
360048	106	7231.81419206402
95174	120	9091.09952146704
40992	60	5333.22394524385
640844	119	7425.13689884224
539755	29	4017.32546203645
663900	39	7675.72949718485
165467	72	6358.20132096214
767096	115	5140.97643044823
402898	90	3965.17350145857
318184	25	4894.92263057964
221456	27	1502.76706465649
667032	80	9793.85560531814
235035	73	5688.92300934015
448980	90	2214.58725645886
57608	4	895.009384301961
642362	119	8751.5729900224
725162	95	7508.63937167853
946090	28	3132.67902030269
999156	120	9241.15033333243
316149	81	2671.32063981673
901807	98	3036.37944494206
208554	90	7855.8869477156
490681	5	5716.76030178403
179654	17	7132.10407646005
231858	55	8485.33896407361
368619	75	9476.77644257284
376582	42	7533.24722495547
756066	91	4174.61253980855
582631	62	9876.83561694661
648096	54	6597.29981422299
491200	57	9363.98079686984
11396	102	9363.18174668736
302786	40	2754.59057728508
374755	73	9681.71897962769
390452	87	6598.61711203056
357420	5	7774.24056729034
246510	18	3925.17015734928
652820	95	3335.1135582361
556047	3	720.771920690672
814375	39	2413.6095346015
293780	93	5878.82423162406
730915	45	6703.54445902796
438395	108	6026.63259228069
704553	62	3012.71189367991
294633	18	7463.23315420339
753372	27	429.206734350513
1662	85	4895.3858158064
990860	47	3094.57822865554
185056	12	6787.84695476659
636981	96	8430.48381960508
265424	6	177.84428125147
434996	62	8335.35261449188
774249	49	3584.35838636214
967272	34	1357.24709432444
124804	67	6372.00151433796
234975	38	6538.02610590962
594740	88	7933.53768537451
843842	18	6142.27009208047
169515	71	3929.53380170722
301063	78	2882.43320350649
163932	22	1089.67516365912
376543	7	4748.96534660317
234425	79	6346.77350374254
39939	50	8163.43562252048
111907	93	4401.33594805437
789306	7	8297.5651492819
952666	23	7846.14335575427
724996	6	792.983785128679
454552	102	9030.66942902779
21673	36	9183.61482470465
144216	15	7568.02136998997
267296	120	1069.15597467178
450291	52	5145.43544745326
60030	98	6560.98320286767
895500	82	3337.91167220935
165316	44	3704.84870258013
301669	49	5521.46920646609
532732	75	4687.65943748302
823608	117	1482.26920635545
545717	86	2028.90275173304
748585	107	3658.44749871569
720811	58	3029.98475228901
729335	75	7701.54762603415
852984	41	6203.52787231259
894052	62	3782.08074196339
762654	3	3612.98697027983
733010	11	5004.12780130474
48769	29	8942.67232657535
138864	107	4956.97945638419
503087	70	413.498493336839
874515	120	7152.25656388898
275772	73	9178.2972279835
377963	39	2121.93813739435
137642	111	7403.79367321906
90653	102	709.518206496499
627093	31	1162.12874206813
686581	46	9607.30840871451
802615	36	6372.35856706852
253215	6	6704.65337811255
746364	43	5848.21156656752
5577	93	477.287830029283
633426	47	3399.68623868175
387139	3	9094.8002964234
49281	101	7030.4743235607
526321	86	1652.15626105301
265469	114	3885.88587450138
266185	54	6494.01120976266
534732	26	2114.50564023783
68003	23	7129.26128652378
79492	75	5712.26505903167
407003	100	9627.08086232984
312641	29	1559.63549029996
390838	104	4663.46096557726
354839	6	2444.24194448825
771129	78	5368.50524613098
656315	77	5794.47407261211
344427	114	969.955541226061
163021	77	9056.80877671428
375591	52	5740.26908303623
702868	81	2127.68867282555
324322	100	3943.8392608165
983475	27	195.863916722994
839652	65	4912.22356898348
522726	9	907.267706052991
187189	15	4177.53425835517
177687	24	5672.98805544758
811643	98	5439.37112905056
611887	74	6767.31692294931
387580	116	2004.13947995014
193858	84	8056.76704242675
552689	105	2033.3928957737
608029	15	2095.29671412674
222698	104	4371.65551743082
914772	64	1160.9111411315
758721	58	8850.61253744672
164698	45	5359.2988997974
344574	65	2450.63231291744
794642	22	8552.50304860645
34311	60	2311.6776207982
239913	104	2475.26331784914
66284	83	8397.79604803668
226377	53	2010.10463149757
