5152
5395
5707
6678
5878
5690
5221
8655
5758
6042
8389
9482
9475
5672
9665
5996
8849
6804
5737
9055
7638
5939
7190
9283
7055
8357
9084
9395
6488
7593
5967
6660
7040
7641
7894
5980
5082
6755
9552
8666
5983
6407
6662
8553
6235
8890
8333
8928
6932
9451
7672
5856
5647
8538
7610
9014
8006
6224
9423
7322
6407
5627
7167
7966
5075
6730
7443
6834
7579
8686
5915
7095
7053
6872
8073
6232
9077
8437
8049
7966
5024
5156
7464
6838
9721
5112
6013
8303
5032
8681
7775
8659
7132
7231
7260
5356
9041
8497
8478
9306
6447
6499
6350
8046
8537
5578
8603
8576
5465
6379
9738
9370
7976
6457
7298
6251
7964
5330
8046
9764
5717
8941
6803
8698
5912
7056
9763
9622
9412
7718
6991
5581
9759
8544
6520
8326
8606
9218
8102
9143
6309
7237
7838
8453
8744
8205
5683
5676
9733
6010
7193
8712
5451
8515
8589
7307
9496
7453
7135
6481
5616
8781
8965
7548
9188
9157
9411
9233
9738
8773
7445
8546
7028
8703
