8280
6103
8150
9755
7507
6374
9087
9690
8403
5525
8080
5130
6244
9755
9013
8630
6154
7083
6622
8528
7328
8073
5291
9066
9387
8595
6251
5739
5961
8365
8447
6684
6549
5061
5309
6204
6347
7498
9429
5107
6329
8892
5562
7023
6108
9028
8167
9278
5725
5143
6291
6464
5407
5175
6127
5208
5813
8885
5368
8712
5123
8348
8729
5038
6878
6396
8382
6184
9447
7809
7284
8456
7455
6515
7200
8237
7512
8068
7958
5360
5429
6774
5015
5818
7074
6984
6278
6374
8735
5102
5392
7262
7131
5717
9785
7781
5163
5525
5145
9513
5646
6984
9631
7716
7660
7636
8809
8692
7776
7690
7496
7546
5927
5009
8284
8150
8334
7912
7764
9695
5119
7009
7249
9346
7418
5022
6326
6739
6530
9219
8074
6987
7923
8246
9514
8245
6943
7099
7958
9239
7975
7386
8398
6045
7406
7647
6336
7123
7233
6636
9247
7052
7561
5251
9394
8438
9535
5286
5299
7639
6310
7071
7162
8357
9417
5510
9423
7482
5296
5040
6207
6236
9754
8326
6720
7533
8411
6205
6941
9572
8487
9004
9306
9695
9772
6022
9227
7672
8652
6076
8511
6658
6800
5320
7929
5905
5224
5042
6428
6897
8024
8654
6828
7194
5429
8012
7099
9036
8332
6862
5028
8330
8146
5528
8952
7107
7566
7268
8385
8396
6083
6751
8630
9020
6329
9349
9236
9435
5397
5815
7309
8370
9577
5045
6548
9633
7177
7112
9266
6761
8724
5192
9141
6791
6049
5181
8313
6273
6168
5823
8140
7757
6457
7833
5814
6273
5025
7608
5866
5880
8577
7465
8639
7517
9353
6458
8553
8101
8780
9120
9731
5454
7802
6625
9472
5892
7411
6839
7972
6148
6037
7963
8267
9375
7476
9352
6914
6744
9031
5275
9608
9369
6247
8386
7984
6260
6353
6624
7238
9391
6429
5212
7293
6848
5892
7687
9756
9632
8162
9723
8662
7987
9437
9518
9644
5614
8998
9065
5042
5002
9345
6810
8871
8506
9312
5362
9007
9216
8442
8213
9339
5787
9401
8381
9520
5825
5671
6419
8483
9590
9396
7082
8383
9108
6413
6622
9733
6529
8543
7370
7062
7089
6583
7237
5047
9420
6141
8588
7336
5530
8480
5541
6191
9749
5385
7876
8386
6057
9799
8820
9744
7579
5583
5253
5406
7263
8227
9563
7093
7691
5430
7478
5673
6072
6151
7251
9005
7165
8334
5101
9484
6883
8884
7953
6110
8856
5892
8435
8724
8338
8037
8676
6531
9524
7427
9284
6507
6331
6832
7585
6193
6379
6496
9446
5101
6003
9668
5119
8599
7934
8672
6221
7523
9699
9136
7861
8496
7430
8943
6351
6371
9592
5840
8555
9454
6554
5947
5950
8446
6667
5745
7674
5333
5750
8708
8106
5388
9238
7853
5107
8988
5773
9637
5790
9467
6816
6154
6633
5388
9366
5789
8877
7188
5482
6214
6401
5539
7742
9792
8347
5056
8718
6474
6932
7190
5998
5889
6773
5991
6030
7474
9058
9377
8837
7163
5599
9756
5050
8888
7639
5401
9115
5562
8880
5879
6668
5486
9652
9337
7307
7568
7447
9246
9307
5052
5270
9100
7705
8401
8469
5928
9181
5642
9159
6892
6531
9300
8152
8119
5616
6445
5490
8654
7154
7947
5741
8157
7394
6053
5522
5512
6037
7237
8484
8263
5028
9612
5071
8786
6893
6299
7051
6450
5419
6712
6020
8473
6204
6988
9148
7168
7135
6533
8721
5862
7078
8593
7093
6360
9111
6914
6706
6653
7879
7957
9691
6944
6958
5896
6865
6719
9230
9166
6226
9117
9195
8841
8235
5443
6927
7068
6953
5407
6705
8154
8178
9304
8316
7623
6185
6235
7520
8511
9476
9780
9394
5399
8371
7262
6821
8876
6516
5308
5124
7429
7739
7769
5308
9405
6468
8038
5358
6651
9234
7043
9761
6300
9748
9525
9580
5387
8429
9136
9512
5630
9000
5719
9491
6247
9523
8796
5470
5973
8422
7851
5553
6646
5283
9076
5416
5409
8997
8711
6155
7947
5877
5869
9078
7433
5019
8095
5451
8647
7483
6434
5448
7180
5597
9294
8230
7021
8078
8861
9683
7473
7569
9185
8030
6384
6490
8116
6017
5672
9110
9171
6191
