5874
8133
6347
9421
5899
5482
6769
6065
9101
5998
5703
5109
7854
8574
5035
7741
8008
8591
6635
8033
5322
9254
9108
5777
7617
9146
9696
5757
9014
7062
6674
7752
9500
8575
8831
6177
5945
5762
9547
5782
9592
6934
8819
9139
5437
9074
9474
7453
6743
5852
7377
5007
6492
6505
7546
6420
8826
5570
6805
6554
5586
6013
6851
7039
9125
7752
5409
9080
9544
8658
6797
7247
8845
5853
8241
8188
5436
9770
5340
8344
9473
7244
8814
8163
9486
6667
6260
7996
6029
7411
7152
5375
8758
7993
5196
8580
5084
6780
5014
7485
8665
5395
7710
7886
8855
5131
5962
5640
8064
9158
5985
8857
5231
8262
6881
8143
6999
8488
7354
7459
6493
7214
8051
7133
6507
6422
8289
5852
5657
9462
8105
8456
9756
7655
9479
9079
9335
5929
9108
9356
5705
5621
9732
6672
6427
8095
5145
5497
6113
6854
6581
6396
9227
7356
5993
6451
7145
5577
6379
7434
6642
5110
9783
8403
6054
7329
8901
7376
8583
7603
8609
6071
9181
7798
6754
5873
7283
6379
5707
8212
6278
7792
9540
8604
7882
6710
9030
7401
6663
8029
6935
8758
9350
6675
7714
5596
5638
6330
5619
8898
8994
7570
6715
8311
8046
5510
7016
6429
5603
5121
8968
5766
9671
7968
6156
8650
5371
6180
5521
9144
8099
6501
5714
5554
5668
9651
6521
7506
5085
6159
5235
5954
5761
6609
9018
8509
6078
6230
5558
7372
9494
7602
6799
6543
8861
6170
8888
6383
5519
8865
5225
9259
5809
6275
5799
7494
6856
6161
7643
8195
8789
9311
6345
9244
9686
8015
5005
8062
8750
7448
7573
8941
5622
7949
9450
5498
9503
8971
6493
9299
5764
5139
6987
6021
5934
5777
5145
9286
5810
6525
6653
9717
8387
7163
8383
5184
6258
7355
6657
5847
6165
5826
7434
7872
6292
6084
8637
7660
6625
5302
7791
7686
9469
8144
7432
8651
7324
5324
8311
8910
7870
5519
7253
7225
5796
7656
5555
8260
9367
9266
9041
7148
7315
5646
8135
9738
7505
8916
9529
9650
6940
7286
7662
5509
8534
8768
5249
5243
9532
9532
7661
5934
8845
7548
7777
5646
8374
5209
7076
8437
5530
5378
8094
7159
6062
5644
5371
8823
5010
7494
6147
8209
5596
8461
6970
5585
7658
6745
8491
6829
7408
5312
8528
9635
6606
8107
8104
9567
7670
7490
6365
7296
6840
6092
9120
6563
8992
5503
9248
7891
8397
6226
5234
7038
8386
9252
5338
5384
5578
7193
7788
6630
6519
5248
6030
5219
6650
8260
5554
7755
7340
5605
6154
7321
6129
8651
6370
9305
9142
5408
6393
7156
7297
5600
8233
6182
5078
6491
6249
7155
7770
7721
8990
5478
9502
9536
5778
6592
5063
8902
9713
5733
9750
6493
5552
7793
5073
7714
5909
9536
7883
5834
6042
5171
5800
5633
9133
5919
6816
9648
5141
5160
7011
8199
9786
9419
6415
5676
7619
6393
7874
9578
9242
5240
5495
5661
7206
5805
5049
5441
6110
7165
5582
6513
9072
6936
6679
8819
9478
8870
5404
9659
9577
5216
8762
9554
8522
6551
6508
5933
6378
9197
5095
9317
6663
8105
6393
5803
9477
5140
8227
8328
5871
6376
8538
7776
9378
5499
8927
7850
7741
7397
5999
8550
5990
8015
5002
9026
6279
5741
6939
5656
9098
8917
8863
6714
7071
6066
9651
5968
5544
5877
9143
9339
5643
6877
8789
8202
6478
5986
5176
8024
7424
8458
7992
8781
8199
6346
8328
8448
8104
7167
9324
8736
8001
7572
9031
6755
