8440
6224
9652
6533
6307
7202
7634
6978
5732
7815
8005
5024
5949
6601
5866
6775
5352
5203
8297
9087
5728
5524
7402
5498
7351
5278
9171
5216
6895
8212
8038
8604
6697
9258
5068
9497
8453
5243
6654
6722
8388
7520
9791
6988
5622
6062
7395
9035
6779
6585
6866
6711
8163
6416
6651
7916
8622
9154
8982
6030
7831
7419
5084
7321
9578
9202
8128
6492
6533
6170
8123
5110
8350
6575
5700
8008
5534
5415
9676
6290
7684
5137
8237
5310
6346
6327
5442
5281
7607
6953
5875
9099
6061
5625
8691
5970
7437
7471
7210
6221
7735
5903
7503
5609
8262
6756
8162
6588
5716
8443
7383
8208
9278
7693
8146
7695
8982
9574
5975
8251
8760
7847
8686
9381
5296
8825
8850
7725
7685
9531
5572
7864
8006
8455
8356
6782
7434
7628
6849
9391
7966
8654
9365
8964
9370
7468
9621
8169
7279
5996
6788
7664
6497
8759
7261
9688
7018
7922
5314
9238
7707
5437
8704
5986
7872
9319
5202
5824
9138
6365
5261
6354
7726
6384
5286
5107
8283
9522
5011
7629
9004
5682
5446
6689
7744
7708
6368
9047
6194
8468
9564
9313
7315
7411
6685
7530
9750
8380
6093
5052
7266
8798
8831
5915
5735
5434
9738
5113
8474
7155
6406
7297
7912
7485
5234
7025
9791
7015
8043
5164
7952
5956
9430
5670
6601
5749
8840
5315
9500
7556
5157
9703
8430
9760
5364
5207
6651
9332
5955
7310
7770
6255
5574
8840
7063
7268
6402
9630
7177
9460
7540
7736
5338
5929
6900
6311
9169
8161
9115
9787
6394
9424
5413
5919
6998
6503
8668
7952
7122
5028
5375
5460
6061
5733
7194
6697
5382
5590
8407
9133
9148
9011
7938
5041
5016
7222
9366
7501
7860
8853
5838
8290
5217
5969
5916
8147
5843
9456
6842
5561
8401
8250
7508
7149
9086
7081
6675
9405
8535
5203
5929
8579
9555
9782
5639
7184
6486
5372
5903
9577
6937
6167
5092
8070
8991
6885
5243
5093
9617
8848
5855
5727
8548
7847
5732
5899
6503
5789
5756
7736
5547
9761
8767
7658
7925
7059
8536
5235
5330
8533
6661
5471
8554
7066
8424
7235
8158
9239
7959
7202
6838
6583
9589
9487
9149
5202
5032
6708
9051
9541
5681
5697
9417
7967
9030
6977
7200
7235
5145
6932
8149
5009
9563
6085
7187
5384
6974
6482
9223
8298
7541
7065
7631
8355
5899
8765
5173
9080
8309
7723
7028
6829
5985
5590
7852
5964
5855
5587
7837
6448
5036
5924
9094
6027
8853
6830
6820
8504
7301
8765
8029
8350
7285
5753
7000
8416
7867
6062
7068
5265
6805
7920
8726
7222
9705
6321
8824
8974
8034
6224
9329
6387
8446
7776
8263
6618
7772
6604
9302
8870
6946
6469
6780
9345
9495
8478
9344
5232
8390
9236
7898
9593
8320
7573
9443
6916
6998
6873
6123
7533
7806
7646
5471
6078
9236
6642
9704
9310
7291
5382
5645
6263
6561
7998
8119
5336
6140
9182
7527
6227
6777
8592
5584
8598
8126
9537
