9563
8302
8479
8587
6002
6529
8638
5552
7904
9674
9714
6818
6405
8316
6997
6611
6947
8681
8820
8271
6814
7580
7512
6403
7507
7734
6113
7828
9103
7595
8783
5856
5643
8546
7396
6751
7401
7194
7581
6231
8624
7471
9327
7519
8591
5885
8240
7482
8209
8330
7050
8934
6548
5572
9490
6984
5791
7076
6080
8068
5417
5810
6249
5309
5891
8858
6175
7659
5920
5247
9010
9554
6100
7590
9448
9144
8053
9793
7612
6623
9295
8431
9419
5774
5545
9650
9109
5072
8857
5413
5960
5325
6114
9314
5814
7814
6222
9018
6628
9534
9510
5581
6563
7963
9120
7297
7834
8759
5925
5347
8731
5799
9264
9258
8573
6786
6191
5476
9565
6042
9550
6104
8603
5507
9087
8685
8441
6587
6776
6634
7922
8835
8165
7879
6913
8715
6869
6457
6454
8048
6816
5350
8947
8511
6482
5162
5861
6656
5741
8829
6624
5747
9254
5587
9785
8407
6778
6056
8677
5435
8657
6248
6983
9091
7226
9697
7434
6386
7346
9659
9717
9535
8822
6518
9027
9200
6957
5093
8826
8926
7824
6785
5846
7748
5010
7175
9381
7579
7895
8307
6937
5814
7580
6019
9191
5568
8167
9656
6286
6585
7529
9276
9111
5883
8912
6890
6725
7737
6361
5585
6450
6686
7031
9552
7411
6873
5403
9036
9081
5051
5316
9655
8292
8840
7723
8904
6955
7803
7127
8459
6033
7101
8608
7241
6397
8349
7475
9763
8637
7921
5450
6645
6219
7310
6857
5251
8584
7829
8409
7319
5166
8932
5575
6235
6270
7674
5985
5271
7961
5008
9736
8723
5611
7702
9353
9149
7879
9590
8155
8863
9198
5440
5400
6161
9401
8472
8437
5982
6983
7472
5321
8926
9195
9608
8294
6902
6526
7373
5971
8524
7365
7204
6803
8629
7986
6528
6035
8317
7758
7508
7173
8794
9475
9346
7922
9526
8532
9215
6635
7599
9037
5003
8088
5489
9487
5810
9328
5803
9209
7451
7623
5507
8619
9431
6498
6994
8438
6571
7976
7873
7437
5121
8025
9276
5300
6328
9252
9649
6687
8568
8170
7112
5738
8173
9287
7363
8917
6314
8942
7176
