6309
7172
9305
5113
8262
6714
5681
7347
5010
9308
5918
8544
7137
6267
8692
5179
5396
5805
9469
6288
6289
7296
5496
8734
6868
7874
7837
6318
5547
6488
7354
5841
7508
5318
5486
6738
8979
5315
7029
5399
7679
9727
7381
8730
7877
5160
6796
8245
5891
6844
8912
8930
7845
9646
8562
8814
6676
5571
8045
5388
8677
9164
6801
8323
6954
5077
6036
6819
5782
6954
6000
5082
8577
9071
8410
6362
9715
6566
5858
6709
6078
9393
5427
8503
7377
8225
7797
7662
6557
6472
5062
8408
7070
6642
6522
8315
7927
8859
6776
7800
8924
9778
7464
8737
5844
8831
5353
8575
