8348
6891
5536
5314
5839
5082
5533
8446
9029
6626
5788
9423
9069
6997
8865
9553
8804
6673
5780
5677
8085
6730
8839
9685
7194
7037
8889
8463
5129
8455
7147
5845
7922
6509
7226
6699
7469
9182
7054
9618
8832
7368
9491
7149
8119
8826
9650
6884
6151
7605
6236
7266
7727
5926
8273
6619
7852
5652
7920
8603
5993
6871
8317
5575
9280
9744
6501
7560
9571
7166
7085
9423
9420
5962
6645
5718
7039
6691
6566
8169
7188
7006
7313
7325
7220
9681
7919
6997
8036
5608
8648
6818
6262
8251
8625
6962
8851
8917
7670
8176
7325
7090
7113
8785
5521
6613
7647
6765
9082
7556
9380
6161
8886
9552
6416
8788
9358
5993
8155
9399
6826
9305
9325
8963
8319
5267
8162
6169
7137
9483
6667
7923
8821
8191
5845
5098
9693
8329
6804
5607
7035
6154
7715
5481
6028
7487
7732
6511
6836
9638
7405
7859
5762
8071
6350
7821
7565
7951
5467
5254
8252
6478
9428
9399
5889
6457
7141
5695
8708
6318
8895
6030
8989
7548
7365
5672
6590
8845
7935
5832
7336
6651
9134
7300
7078
8608
7162
5750
6842
7824
7333
6743
7862
6550
7156
5558
6527
8116
9392
9372
5347
7038
7604
5518
5743
6376
8670
8014
5707
5679
6231
8521
5016
9435
7719
6601
7144
7128
7322
7081
9096
6391
8654
5884
8785
7153
7968
7440
5393
6807
8946
8274
9253
8364
5486
5298
8848
8616
6557
5703
9738
8948
5043
6163
6594
8612
6728
8228
8631
5556
8214
9199
5795
7311
5276
8756
8184
6721
6534
8391
8208
6231
7622
8701
6533
7757
9069
6452
8950
7422
7553
8329
5571
6619
7143
5148
6349
7491
9090
5173
5426
9541
8609
9638
8393
9548
7480
6942
8089
6531
6914
7128
7083
7967
7295
8508
6327
6143
9431
8637
9344
5276
9078
6210
7803
9686
8628
8976
5168
5128
7408
5694
7431
6361
7965
8468
7423
7784
5308
6786
5278
7127
8164
7420
5508
5425
6246
7405
9125
8436
8621
5206
7861
5453
5629
5150
5463
7399
6835
8508
5920
8304
6775
7961
8923
6221
9498
5722
5003
8627
6086
8344
5835
7645
8359
7218
6913
6659
5703
