5082
5243
5008
5618
9077
8657
9406
7737
9187
7181
6755
9634
8616
8887
9558
9791
9367
8943
8876
7045
7335
8160
6587
8456
5184
5256
9128
6044
7158
6542
5783
8258
7660
6716
7256
7497
5635
9610
5023
6817
7273
8881
7557
8661
8928
5679
8125
6207
6285
5075
9779
6574
6599
6093
5088
6722
8457
6352
5435
8822
9330
8362
5580
7645
6398
8297
6975
6901
6631
7061
9156
9558
8920
7059
9572
8254
5603
7726
9329
9305
6931
7922
9559
7083
6564
9010
6660
6567
6629
5535
8841
9083
9176
6002
7288
8711
8302
9712
7263
5631
8505
6225
9376
9025
5720
5221
7454
9341
6321
6634
6120
5731
6824
5930
6892
6408
8603
8297
6082
7189
6638
5408
5272
6097
8021
5073
5383
7919
9571
5862
9753
5691
5463
8699
5801
5706
8347
5535
6364
6343
6556
7119
5246
9796
9216
8110
7260
8246
8911
5881
5109
5005
8631
5075
8793
8097
5954
8279
6005
5647
9639
9336
9570
5460
6682
5429
5268
7926
5129
6186
7861
8068
6934
9539
5633
9319
5163
5277
6682
9711
7614
6937
8809
8691
5754
9748
6861
5389
9706
7505
9553
5068
9331
5717
6505
7021
7350
9586
8114
8787
7843
9135
8118
7725
7820
6841
7871
8892
9242
9275
7935
5678
6598
6094
7833
7703
5527
5880
9507
6734
8369
9680
8021
7425
6434
7793
8538
6218
8035
8413
6970
5377
6963
7695
6869
8280
8620
6084
5871
8713
6877
7769
5947
5432
9371
8876
8271
8238
7684
8602
6494
6471
5079
6380
5419
7963
6114
5693
6292
5027
8104
6654
5858
5829
7305
7559
8515
8703
9026
9354
8884
9243
5009
5794
9658
5601
8733
7590
7855
7358
9322
5300
8334
9233
6920
5500
5298
5583
7277
8706
7166
7927
9593
5845
5610
5223
6912
5118
7927
6812
5361
9369
9012
8131
9519
7051
6462
9086
6523
9618
9031
8325
7639
8734
5505
7804
8121
6425
8710
6806
7261
7932
6426
5321
7188
5958
9451
8965
5185
9435
8489
8615
9463
6043
6997
9754
6089
5203
9515
9669
8838
6013
8861
7459
9475
8641
5288
5859
5340
7607
6903
5488
6209
6122
9352
7230
7944
8692
5943
8562
7401
7298
8901
6889
6130
5416
8663
6597
6738
5552
6715
7918
6710
8841
7768
6249
8872
8767
5646
8348
5670
8593
8625
7378
7532
8002
7407
8342
6492
9568
6811
7198
9060
5954
7269
6540
6912
6972
6330
9060
9779
8492
8921
9589
5892
8785
8578
7168
8154
8103
8159
8977
8046
7396
7892
8608
8474
6524
9157
7928
7810
5321
5106
6970
8542
9318
8659
5757
6572
6228
9138
6900
7437
6387
8369
6979
9472
8837
6487
8548
9224
5239
5188
8189
6410
7634
8952
6665
7862
8462
7867
5388
7616
8202
6251
9458
8387
6952
6047
6374
5127
7822
5597
6926
8766
6259
6541
6660
8828
5914
8937
9437
5038
5609
8505
7571
5133
6717
5561
5909
5366
6994
7695
7911
8162
8750
9084
9035
5137
8711
8393
7521
7790
5113
8422
6402
9443
8063
9224
5151
6094
7293
7638
6949
