7982
6565
9553
8132
6442
7058
6228
6428
8345
6624
8291
6988
7403
8174
6050
5790
5847
8195
7131
5136
8829
8483
5379
6493
7640
7695
5944
6703
7079
9580
9337
8112
5244
5731
8999
8832
9541
5098
5580
6021
7634
8255
8928
5946
5895
6042
8781
8116
7067
5228
9626
5915
7040
6055
5689
9299
6186
8061
5492
8548
6115
9325
9150
8566
7087
5179
6744
6673
8976
7018
6049
5749
7616
6111
7303
5575
9356
9234
5598
6598
8714
7628
9437
6852
9754
8423
6073
8990
5042
9500
7646
6481
9407
6833
9707
8109
8906
5362
8659
5716
9098
7109
8941
5049
8979
8877
8100
5929
8552
5115
9744
6753
7464
8695
9634
8287
9689
7298
8612
8465
8907
7555
6631
9276
9172
9369
6143
5783
6205
8995
6469
8994
5575
9682
7300
6606
8488
9388
7673
5878
5324
5144
5438
9728
9557
5894
8818
5713
7000
6420
8221
6609
6550
5195
6610
6544
5478
9466
5678
9411
7734
7317
9525
9358
8446
5750
6178
7582
6395
8028
9599
5301
9425
7735
8142
8764
7117
6703
9520
8279
5552
5431
8584
9585
5775
9661
7444
5381
8073
5757
6128
8822
8711
8063
7944
7807
5420
5881
6283
8807
9516
6236
9118
8772
6621
7920
6984
8616
6854
7646
9228
8576
9747
7199
8860
7304
8533
9740
8584
8586
8107
5797
9309
5638
6901
5778
6391
6362
9591
5335
8345
6237
5421
5713
8563
9116
6113
9613
7965
7655
7677
8628
8328
5428
6330
7353
8876
6512
9004
5641
9075
5480
7098
7497
5700
8719
6728
8480
6871
5844
6529
5622
8826
6520
9102
7991
8155
9034
8436
9544
6191
8720
6775
5929
5909
9279
7270
8881
9109
9348
6702
9679
7159
8950
6060
7865
8940
7724
5013
9645
7388
7433
7742
7121
6126
7056
9603
6809
6127
8139
8999
9642
7876
9260
9251
5355
8505
6169
6589
6222
6450
7647
9172
7324
8942
6651
8264
9677
5460
6237
8852
5431
9022
8592
7157
8558
5978
9455
9603
8654
9476
5462
7755
5971
5350
6860
6803
7700
9499
5706
9160
7771
6136
8592
8195
9541
8062
5419
7979
9276
8592
9727
6349
9690
9087
8568
5621
9085
7104
5694
9178
8851
6366
7736
6546
5988
9693
8202
6975
7082
9648
5565
5178
9555
6877
6082
9096
5431
5397
7416
5496
5560
6476
5328
5062
9550
8913
7865
6684
6582
6240
7519
5596
8806
6329
5310
6406
8201
7046
7208
9649
9661
8245
5897
9429
8028
9549
6595
7814
8006
9273
5191
8688
9488
5198
8618
7375
6039
7674
6797
6876
6828
6518
5394
5843
7129
9769
6173
8227
6568
9476
5895
8185
7990
7568
5636
7116
5580
5699
6834
5001
7319
5052
8479
7109
6049
8631
5909
8608
7511
7735
5368
5527
5249
5333
7821
8143
7852
5054
7300
8060
8377
8169
6246
8330
8379
6806
5699
6921
9362
6503
6796
5340
5840
6796
9357
6776
7840
8085
9595
8298
8860
7365
5716
8634
9109
5368
7937
7658
9547
7294
9065
5526
8200
8575
6425
8950
8606
5149
8531
9043
7933
8789
9047
6008
5939
5029
9488
8254
5776
6046
5303
9567
5260
8802
9000
6012
7453
7413
9022
8011
8670
7842
7174
7069
7239
6271
6940
7066
5371
5408
7970
7692
9355
5552
5366
5072
8119
9509
7695
9081
5681
9483
6882
8502
6991
9298
5266
9198
9375
5413
6498
6194
5928
5520
5373
5092
6615
6978
8570
9469
7889
7422
7883
5369
7876
7412
5212
9509
8437
8929
7694
7745
9519
9741
7330
8987
5960
8473
5078
7741
6006
7543
7491
9758
8710
6777
6765
8835
5179
5274
8257
6141
5939
8026
6192
8060
6601
6514
5627
9380
9086
5558
5761
5447
7520
8553
6476
5987
7991
6186
8932
7943
6901
5830
8464
5347
9732
7925
6459
6099
5648
6178
9330
8163
5673
6553
6806
6493
8549
9071
7387
9246
7847
5499
8455
5449
6782
7045
7239
5157
5302
5778
5845
8793
6142
5315
9041
5110
9363
5846
8128
8477
5056
9328
8732
7909
6028
7398
9574
5967
6747
9784
7238
8721
8600
9486
5096
6402
7175
8016
8365
7687
5687
6302
5798
9670
5334
5538
7021
5359
7313
6697
6930
7704
5943
8711
9191
8319
6567
5547
9221
9184
7271
6272
8211
5319
8341
6924
5194
6457
5219
7639
7735
6348
7282
5441
7790
8555
8530
8863
7576
5491
5377
9216
8454
5051
7854
9335
7778
9689
5296
6577
9635
6629
8595
8982
5417
9215
7892
5480
6330
8210
5344
5565
5140
9475
8762
5583
5423
5503
5921
5637
9590
7505
7771
8731
8807
7856
7618
8160
7265
8806
8947
5305
6161
8442
7804
6107
7554
8101
5025
8376
5663
8051
7533
9166
5147
9613
9076
8780
6089
7272
8913
7276
8769
9459
6788
7131
8658
9664
5175
7362
6597
9532
8015
7324
9063
5040
9204
6498
6671
7655
7830
7122
5478
7346
9774
6539
9772
8405
8585
8995
8580
8638
7071
9794
9694
6672
6336
6503
6654
5674
7250
7690
7926
7464
6779
5932
5036
5210
5103
5107
5409
7578
7110
8234
9243
6791
6798
6423
9486
5250
7159
5253
6079
5980
8583
7759
7461
8022
7431
7392
8504
7702
9645
5997
5406
5140
8997
7815
5568
8843
